5224
5356
5309
2590
8863
7748
250
4499
8733
2582
3701
4974
4518
9851
1141
9561
3309
8529
6757
1585
9611
8104
2276
1663
2950
5750
7029
9663
7883
5507
2458
2653
5238
9453
4601
7679
4356
2341
1650
1746
6132
4706
8507
3454
7534
3
843
2361
7338
1201
3631
4167
2297
5530
1546
8300
5008
1337
4078
8223
192
1983
5664
6953
2145
511
5597
2487
4404
335
1846
6133
8100
359
219
2949
4042
3195
97
7682
5150
18
925
5216
2578
6003
1285
4731
8546
5260
8798
5854
7495
3422
9665
1563
6652
3711
4265
1036
9076
8744
404
8054
9744
9699
5663
184
4790
4725
9332
8124
2860
9331
1945
2885
1377
4075
5915
4944
882
2261
2110
5271
9967
8586
6575
5945
9394
133
2828
3680
7598
4415
2471
2495
1613
8472
2335
5840
1341
2696
2290
9315
7848
2426
8351
1206
9108
3729
7742
7700
7094
8574
934
2306
7491
7340
4144
4413
6560
9849
8812
3935
299
1463
1459
902
7521
428
7961
7741
9360
6719
6359
4699
6282
4749
7950
3585
3550
8396
7310
3051
4210
144
7017
9220
1182
2783
1810
7780
2185
7791
9589
961
5108
8902
5380
9486
8286
3675
3759
1476
1115
6846
2973
6848
9624
7892
6858
1552
6570
8786
3540
9590
8301
407
5993
5864
3455
1480
8182
6050
5720
1177
6126
3685
6078
1033
2385
3049
3514
8380
2384
7828
2633
9478
9158
8388
889
5980
4329
566
7004
4129
9323
3770
9661
2694
559
2729
9571
823
2736
6306
166
253
9824
3508
8131
7792
1385
9053
454
501
9470
7846
8539
7761
4102
91
8485
6316
4741
7301
5168
947
8167
3906
4614
2493
1956
5312
7329
5435
1578
365
7631
9679
5101
977
8120
6174
3289
6863
3097
4298
8535
8991
6428
8148
7817
320
5501
2550
4290
3405
2001
6612
2461
2035
2579
309
1786
8685
2877
9121
5605
4578
2699
5997
3660
5893
1985
6129
6749
1003
6545
7273
5867
9170
5743
6943
9888
4423
784
1481
3597
630
8045
8993
7926
8693
3523
7922
5919
1605
9045
5116
8608
2352
3577
5661
7371
8878
2295
325
8873
877
2142
8842
358
5954
6433
9989
8227
9781
9512
3385
3865
9466
1674
8612
9209
8085
1812
5323
8858
8898
4492
5599
8889
5083
3876
7400
346
589
9898
343
490
2223
4456
5096
4896
9413
6103
3130
6937
1417
9138
5104
4701
620
2808
5142
6296
3750
8825
6269
5632
9411
5715
1981
1774
9235
1737
1571
1423
4574
6396
2105
3647
1534
5189
6780
3997
1460
6115
5280
5007
4707
4323
5877
8891
6601
5447
5811
9101
3978
3791
9064
7558
7847
8951
8141
3921
306
4432
4157
7143
5625
4332
6197
5135
1311
3768
6926
1200
415
6712
9172
8637
2221
6364
6631
5986
7929
3362
6258
7069
1326
9621
5322
9892
5870
1431
7958
50
9830
2946
6500
322
9401
4317
2509
5898
2192
6153
8855
8492
7667
6648
4303
8019
9877
285
1270
8948
3993
4803
1250
1770
2340
7865
9314
9397
2282
2832
3683
4473
2191
9396
4248
5113
6411
1374
3658
3477
7759
3895
2293
8261
229
2925
7952
3142
9889
9855
3985
7545
2241
763
9049
7562
6549
62
3082
7395
9780
6786
4780
5820
662
3025
7404
2233
2781
9938
3852
5321
7063
7447
2864
4970
2604
3665
4626
1021
9270
5415
7185
7539
7423
8908
1030
4995
7832
4891
1668
7291
4510
3395
9373
7665
2833
6166
2674
7453
3532
9648
6426
6373
7685
4289
4252
8668
529
7943
9416
9177
368
3733
9206
6437
9318
6697
183
3698
2724
2323
2596
6822
475
9506
4670
9903
4663
4775
4655
803
973
3780
1708
1443
5466
2279
7084
1218
1418
5342
5279
1765
1950
4397
3590
8674
4297
2849
9618
145
222
4622
2134
8027
6537
9152
6041
713
9951
2424
5298
8206
3344
356
5651
791
3159
6192
885
8853
4439
9526
7436
1933
9585
6167
5282
5568
8618
5439
9245
5292
2569
5273
1980
1838
2382
4669
35
1524
9508
4959
6386
4977
5914
2391
8725
3806
151
5566
8292
9141
300
5132
9859
5049
9327
2275
5254
3232
2543
7098
6818
3834
2791
1216
4079
8849
4544
2888
1514
4311
545
4337
457
671
6790
6659
5140
3379
9988
367
5988
5942
1319
9341
3879
1957
4962
6429
8109
2472
3664
1603
3624
9576
2721
5660
6333
5393
995
1920
4264
8865
2664
7137
1419
8221
5885
8872
164
2125
4912
2504
6746
556
6506
816
1503
6405
7018
6582
2865
2350
862
3284
7296
2838
1009
7985
8959
9717
4730
204
2760
6011
7596
3934
8748
1119
9001
3735
2962
6334
524
828
9297
5592
6
3211
7776
4066
4917
2287
6741
4712
802
8534
1889
4800
6215
5535
7690
687
5981
2960
7002
2182
6234
6487
4983
7640
4732
7473
3444
3659
5828
7624
7657
3093
6356
5081
8452
4785
8341
1556
7549
9541
4373
825
8626
9149
2467
223
2380
7686
8345
9955
8694
2975
9100
7415
2349
2483
6339
5904
712
2600
4424
1404
978
684
4256
7264
6738
8459
8943
2697
4114
5666
10000
7765
344
5982
7752
1593
1927
1502
804
669
8476
21
9239
77
4778
9779
2130
9613
8702
3967
9265
8458
7059
1829
1640
547
4346
6750
259
3888
9065
6341
7964
6832
9440
5382
1265
746
5486
6886
1310
3145
2390
4126
3046
5497
8112
20
6698
1135
7024
2052
2801
8080
845
432
1670
9874
2193
2004
6688
8438
408
2165
6797
2803
353
3875
4448
6185
3391
5160
5278
1483
8544
2795
6824
9731
3808
1619
3688
8030
8170
1959
9961
8542
5496
1509
3348
3414
4841
9934
8046
7311
3548
8730
8802
1491
2709
3438
1353
3775
5872
6265
7933
412
5329
30
4604
6538
2440
2422
6412
1184
7054
56
9500
7932
8428
8263
7410
4410
6053
2242
8880
330
5748
2451
4868
1609
4045
6542
3399
170
1290
7259
5921
1382
2886
4348
3383
1263
4081
583
8577
7003
7819
5067
1214
2066
466
3030
6388
7917
6933
5831
7403
81
3321
3600
3785
3715
8660
3481
6000
5085
4135
293
4762
2672
2593
7812
4573
5221
736
107
4567
2346
8426
3043
6694
1280
8490
2818
206
9607
2608
4517
2368
923
8425
7809
827
4801
2577
9409
5634
1255
4979
4972
2389
4018
4026
7000
2058
8747
7547
575
6001
7112
1402
5638
6589
5856
9932
3763
5665
4845
5593
6592
7358
1366
850
2591
7716
6847
9523
33
3186
2022
7688
6996
8110
1941
1573
9527
6124
2627
2230
460
3657
9262
7271
1289
4923
2939
9880
1742
8810
289
3256
4549
6955
5883
2965
3613
3019
6662
5676
3800
4074
6138
7315
4761
4272
4031
6297
6127
8253
4430
9642
1639
1261
3134
5731
7420
4082
4953
9962
7811
2670
628
6113
4461
5377
6496
6970
8463
2635
4083
7106
6968
98
9207
5348
4050
5742
5098
4435
8280
7314
2508
2009
5721
2866
3692
2292
848
8582
9328
1677
8216
7251
1151
9211
6731
9550
6108
5392
2680
4555
4407
3390
6887
2278
2470
8700
4061
7117
3151
8191
6603
8354
8126
5448
3885
6378
5802
402
9454
663
4249
4697
3661
988
8232
5359
5787
807
783
5476
477
70
6261
8336
8833
7714
234
49
3574
9289
7773
1019
9205
2336
6444
6222
8446
7746
8560
7627
7844
7214
7260
1448
3983
9930
4296
3225
1083
9703
2137
7135
5263
5626
1962
5390
7986
4128
1167
9078
5866
3192
3392
9926
6602
3858
9750
7583
5519
2132
1866
7520
3975
6667
1518
4951
2816
3132
9777
8710
7266
216
7498
5281
6422
7897
136
2206
4494
3411
6483
9605
5903
3124
7569
3220
7073
4872
576
1256
2956
1647
6055
9953
661
4997
9939
3947
2180
2446
1698
690
8338
8284
4267
4533
8522
7455
3543
4469
9627
5896
7365
759
2251
964
4589
8987
2214
4960
4333
444
7775
7956
3495
8312
5226
6524
6112
6182
3925
1251
2286
8961
6209
4431
6745
1767
8553
61
3070
3103
8402
1717
7378
8043
4500
830
955
392
8400
4428
5267
8735
6064
2388
5574
2258
6644
9913
7419
3706
9990
4458
5500
7745
5998
1992
7893
6987
5247
1817
5928
7206
4073
5553
7659
8614
8886
605
951
1464
970
8052
1380
6447
9436
5124
4956
8151
4316
5076
3915
9998
3980
8269
1435
9591
9625
1679
1210
6681
7733
9921
5499
7927
8629
8021
1977
9408
1667
9866
6928
5489
7033
5706
4887
9912
371
7673
1071
5953
3966
3564
7782
3998
8023
7129
6929
3851
5843
6240
6488
4384
986
7070
6833
9980
6446
6370
833
4547
9596
1321
9042
5533
4832
974
488
6565
8349
6683
646
5114
7089
8240
2581
987
2062
3047
6751
9808
207
6020
5685
7493
1549
4524
6213
3358
5139
6146
2197
7012
235
4768
5371
9520
4899
5105
4674
4710
9667
7300
5751
6735
1562
3139
5430
9513
3634
9969
244
5231
6620
8676
3443
2704
936
3633
4859
9789
8736
4695
2895
5123
3017
6131
8597
6217
9872
1730
4765
1351
3850
4936
645
5288
8511
241
6469
36
8273
6025
3404
7466
9532
653
2597
7642
1624
9364
169
5583
2549
5838
3525
4402
4624
2090
9688
6566
7462
1736
7834
4335
1268
7246
63
4387
3700
9219
918
6497
5136
4864
2814
2218
3147
1982
5916
6510
4306
4399
8867
6893
3141
7339
5057
9521
8367
2638
4401
1960
9477
975
160
2741
5229
9261
6472
900
9706
7152
3781
3606
8454
9925
9233
5674
1537
9214
443
5512
32
1627
103
8282
9234
4649
5433
4138
5718
5746
5325
5429
8319
2519
4796
5452
6201
503
6023
2964
9224
1903
8258
6470
4025
3839
7527
6687
6345
533
1990
1716
2369
2976
7468
6522
8556
9471
9300
9402
614
2716
3853
8260
5344
4600
6716
1203
468
7318
7731
1161
5907
3687
7190
2284
4376
6645
6498
6262
7381
4522
3538
7623
4097
6501
530
2506
6897
2181
9548
4991
1630
692
8835
3818
9463
9689
1390
6162
1267
4855
7238
1935
2629
3636
7052
6948
7755
8212
5215
2003
4744
2269
1486
5012
7763
1468
8696
3877
3537
6071
8477
7313
6292
1264
4107
1087
841
5610
5607
8205
4223
5662
5327
6899
3737
3769
7124
515
9070
2773
638
8325
8150
5850
2820
739
4538
8071
7660
8456
8762
4898
6896
8203
4587
3318
2
4980
2042
469
2776
1191
2478
4021
7993
5002
1223
3221
5368
3339
7076
6639
7256
639
8722
3802
3380
5932
4
3146
2216
5622
8076
7568
8348
8251
753
1076
6160
7946
1132
3830
6482
8225
5110
4562
747
4268
6309
3178
540
8369
7983
4933
5034
1964
9996
3174
7687
9786
9295
643
4151
1472
2786
5572
2665
3018
1951
3893
3113
8680
1180
6442
867
116
3482
8937
3312
8801
3619
3461
3407
7722
482
2830
7305
9524
6374
9359
9382
5048
7189
8088
3489
4874
838
9321
9223
2772
2190
854
230
2414
7130
4450
6144
3303
6756
2126
1914
8159
6223
4678
5381
8950
7433
7120
8041
6546
3594
3081
7715
6083
2692
9554
9577
3542
860
1430
7557
9448
3092
4454
7294
1369
8775
5923
5401
1456
4095
1897
8033
6920
9371
3222
5488
4507
3579
6106
9542
4954
5890
8593
7532
345
6641
7975
2707
9529
9697
7389
5657
3337
9751
284
5207
8465
1901
1095
9380
9940
9344
9696
5134
7444
7316
4552
6944
294
4909
6627
4619
8129
8353
5912
3724
3022
9012
4634
112
952
4941
3962
7459
486
6012
856
9647
3901
7838
2869
6245
2265
1899
4641
6576
7732
5011
2734
6431
571
9772
7863
9097
8407
3576
6807
1338
2941
4340
5579
9135
9687
9566
2418
3467
7392
7646
9636
8029
1652
3755
3554
3363
1894
3524
8986
2198
8201
5475
9823
1473
6630
8840
6979
6812
2167
6042
6372
3528
9191
7616
4906
2014
864
2954
5888
799
1653
4406
8628
4686
8374
5908
1420
7881
6301
1641
4262
3622
4422
2574
9181
6210
2521
7372
7109
7966
6145
4154
6238
7866
4551
4886
3116
2158
1434
6068
5825
7355
2687
1426
6541
8450
6647
6046
5277
2681
8774
8290
6768
6432
4966
7652
8001
9068
7165
5697
4543
1028
3535
821
678
2409
2723
2112
1741
8106
4336
1621
5177
1465
3431
8572
8037
5749
3910
5061
5052
960
2878
4539
6159
8469
3650
535
2210
3367
865
25
1164
114
1750
5055
2325
8642
7297
7007
6450
3251
5204
2219
8118
3193
2893
8536
3166
9116
8766
6593
1642
6800
3223
4816
9960
3704
5849
5227
4237
6950
1847
1051
8158
9384
8999
6093
389
3107
9259
9875
941
4389
3720
8309
8777
5202
438
5503
7793
1864
441
8326
3464
60
9351
2096
6434
6963
2766
2412
7766
1372
659
1427
7345
5842
1915
8768
3360
873
6018
3083
6120
9433
1856
7870
2357
1282
5099
4076
331
8178
6827
8295
2643
6534
3995
7730
3641
2322
7989
267
4326
1905
9232
674
5701
2011
3693
7490
8185
8639
4392
6642
868
3086
9035
7448
8519
855
262
2717
4216
6188
2882
7082
476
8484
3040
5266
1424
2785
1096
6557
9099
4315
5859
1526
6385
3021
618
4137
7839
5621
3003
9017
9356
8011
2497
2186
5812
9090
1498
3926
6491
5021
8431
2046
2588
9574
1440
1217
5616
8308
3986
1438
5879
7559
1052
1616
4487
580
5667
9132
5585
9294
6908
1150
5971
9643
8690
6468
2901
2080
3699
7061
4164
5969
624
7693
4766
3075
2027
1842
1108
5178
5087
866
9876
4693
1205
5
2069
6853
3135
1840
532
3347
968
2666
949
2392
3393
2829
3062
8933
4324
7204
4680
6672
2711
3098
3252
5245
4080
4815
1123
7096
8161
561
3638
9282
3869
3674
4330
3679
9878
3757
4585
5884
4914
2602
2348
8678
4191
1993
5115
654
6883
7888
2710
7169
7088
592
1461
2605
2502
1542
1599
1114
8146
586
9334
6689
9834
3567
1470
1979
4190
6332
1598
5745
8014
6288
1066
1614
3327
2685
8231
8470
2831
1541
3862
5679
7862
5860
1085
7307
1863
9856
7778
3696
1559
6410
4703
2245
1938
1185
7360
4903
2937
311
470
4099
842
1694
3067
9120
3905
7507
5909
7852
7079
6460
6401
4721
5236
9459
3065
8468
5149
1612
5394
6371
8984
7566
4558
1078
9213
1798
7074
6915
8247
8039
967
5144
480
3452
5375
5471
2500
7437
3214
1157
9770
3314
1315
1068
5989
567
6767
8929
8022
7128
4627
3694
6379
3602
3951
4639
9062
340
1032
2890
5659
1171
9254
2255
9544
2159
1332
5920
8541
5548
7034
5428
9324
5780
5705
7580
920
844
5038
5564
3819
8025
9673
4029
1179
3128
7146
8578
6263
962
8527
9757
4661
4853
64
9484
2326
8298
4760
1088
7841
8065
1588
8809
6051
6264
1381
3217
4873
188
2930
8060
2433
9083
321
2725
1685
3013
7701
2943
2149
7633
9797
7085
4108
1755
374
939
7326
8587
6885
4444
9705
4735
3274
3930
370
5933
1649
7684
1043
8595
8305
7178
1008
6514
9456
518
7915
8471
6075
6776
4999
2321
9174
2093
8093
5257
3654
1334
6815
9357
4188
5797
5897
1273
5180
1025
8881
1067
8031
6077
5102
7418
770
5058
7972
8549
8409
7940
7871
5040
3923
5636
2538
5827
9970
4381
9112
623
852
2224
5459
1594
6622
7737
929
5809
6693
8940
7697
4105
48
6754
6440
6257
1394
5649
2289
8781
1365
6869
2256
9936
9723
9800
355
512
3539
7416
2682
1124
9536
8097
5473
2370
2920
9447
903
6104
8640
8591
5364
2138
4681
1533
1232
5029
9579
1103
4238
8896
8946
8792
4015
1211
1929
2445
3592
858
43
2225
5154
8333
9080
573
3242
5455
3194
3796
4968
5354
2211
3425
6964
8174
6323
7102
7629
2005
3326
871
1325
2561
7712
6835
6116
4353
2376
9910
1669
6021
6061
7531
5413
8820
1875
3471
5212
8949
9212
3277
8194
607
6918
2763
846
288
9304
2639
3745
9792
3896
3219
8209
2365
7398
4193
9387
4295
9941
3753
3859
9309
3609
7909
1199
4927
4802
9057
4055
8421
4123
1906
3014
1995
5158
6851
6036
4480
5832
1739
4130
2086
1793
2164
896
7567
5804
2319
7099
2239
711
1057
5810
1682
2518
4485
4043
2002
6623
4449
5351
6117
6407
9275
5584
6508
8596
7087
1389
118
7439
9728
8435
7367
958
6717
8187
3954
3820
729
9437
1859
9522
6621
1286
1558
1026
3789
4471
568
2651
2248
5360
1844
3601
2187
2188
6581
4134
4451
5299
8819
6408
3055
9645
4396
849
2902
9073
1227
7037
5763
5243
1359
7275
1462
2288
1396
8066
4717
788
1219
8220
7108
9271
2524
430
9739
9022
8635
9978
9059
5373
6665
5030
9540
4084
6276
3352
7649
1836
3308
2097
4239
4013
4831
8665
6305
1828
7031
9942
1225
6235
2311
2475
4041
9025
709
2373
1778
2761
2050
1801
4748
361
2083
9473
8990
6993
2981
5781
7288
4100
4245
9768
416
3828
4682
6785
8932
820
9258
6507
2914
7081
7772
4809
2594
1121
3838
8983
8632
7308
3465
6337
9329
5182
4443
3182
8583
1454
2908
485
8180
9464
1499
4893
7198
2730
5796
7799
8761
6921
459
4529
7621
6990
6810
6894
6838
6675
9729
2227
1876
1787
7352
8437
4621
7666
7139
7160
3458
917
8408
302
3506
6880
9361
9847
4464
442
1762
4113
5196
4240
1947
5861
5045
8451
8890
483
2079
3270
7925
5655
8013
3310
5855
2489
9852
3541
150
8661
4304
5771
3099
8776
5761
7526
406
773
9752
5310
5451
1131
7699
8111
5965
5183
6799
7960
4490
9312
7727
8517
8919
102
2408
2277
1507
5300
8381
5146
8239
424
8244
981
3591
2337
6452
781
1089
28
3697
1432
7438
8108
7136
2647
4514
5237
4679
3001
3127
1870
7991
6503
6726
3529
7683
347
3024
3497
4321
9355
3898
5821
8941
2201
7235
6940
9666
2940
4491
616
9263
7174
4916
3914
3710
1723
8720
904
9241
743
51
1091
2853
3410
7239
8321
5235
1105
6110
7013
9954
985
9887
4170
1833
2727
3776
6171
4986
8249
3149
9155
3608
1230
1827
5526
4827
7794
200
550
2819
702
3709
5023
1221
27
2513
8084
3821
6509
3480
4171
4969
8000
9002
2229
6533
3678
6878
8389
3651
6425
7760
4928
9535
1728
2907
4646
8302
472
1532
6390
1926
4371
1104
3689
1794
4342
2613
994
8053
6438
6183
9516
6604
8410
7615
6591
2560
9915
5284
780
1528
4550
2405
4258
6852
1671
6742
3470
2410
7634
5152
2609
7681
9929
8598
3202
6657
2101
6856
9343
1302
6685
2858
9937
9184
6605
451
1060
5167
1307
7286
2117
2128
9201
6156
7502
5487
5637
1633
9931
8330
2232
3717
3447
7750
5173
9457
2601
1213
54
1881
8551
9345
5772
6529
433
4713
6322
4441
6335
6834
5700
6243
824
5187
1142
8600
2690
4569
9077
6143
8087
7231
6461
5165
1196
6532
9167
9117
7101
8016
548
5668
672
47
8807
1023
484
4881
6825
8436
6939
4676
9041
3036
9617
2753
8364
2456
4361
1681
7677
5678
1779
5863
4937
78
6722
7803
5734
4964
4226
8165
5693
8901
1144
7192
2334
5768
7304
5894
8532
519
8375
4391
8460
9702
5484
4160
9256
9908
814
132
5999
5699
73
7577
6362
258
8505
2867
3105
3653
4421
6791
5453
9638
6547
9850
7762
4070
6017
7980
5648
3035
2226
1292
4708
3603
6458
818
269
7970
9928
3091
1709
6283
1893
8888
324
6489
4943
7182
601
4632
9840
526
715
2051
3016
8826
5315
315
8394
6666
4704
8138
7376
4685
8712
3813
658
4575
525
9602
6246
1772
7317
3573
3079
1158
7489
6902
6895
1403
3596
7962
2203
2557
3244
4283
2700
7873
372
4965
6512
2584
8567
2077
5251
8839
9198
4068
1175
5839
1978
4806
9246
199
3746
7604
4882
2758
9957
2559
9811
5878
6101
2642
3273
6033
4998
2152
4560
8745
1958
5004
6214
3973
9202
642
8061
7344
9530
9741
4307
3503
8780
1399
2514
8275
4017
4561
6704
9501
6063
3649
2516
542
9296
5727
1073
945
7879
7573
6884
5582
9567
5066
3173
3285
1501
5106
7053
8796
1187
3228
9547
7038
181
7680
686
767
180
228
7995
7145
6228
3860
6922
2444
3920
1654
4136
9869
6399
9107
9608
7590
4675
9192
7330
4863
6157
6782
4281
4895
5463
5317
8879
562
2073
4752
4689
23
3801
307
4564
2714
3836
1721
9105
8683
6236
1970
7767
9363
87
2856
1301
2347
7764
5022
8634
3766
4022
3104
7978
8317
3281
6907
8885
8105
2378
2942
3449
6876
4879
8822
627
8758
2821
7826
1796
9069
6814
3008
537
7571
6727
5777
272
840
9683
95
6249
3498
7337
1867
9820
4506
5900
213
7148
9588
4723
6988
5053
1610
3435
9011
1065
1955
3345
5307
2873
8455
8070
7672
3971
338
4902
2932
2728
1452
3922
4637
1703
4028
6854
2274
8075
5689
1482
3702
9277
391
3761
2675
9423
3958
5025
4286
2532
3153
8157
4613
461
912
7429
8654
6708
7959
9238
3499
4180
931
1782
2698
6811
1308
1824
2759
4312
7163
187
9455
851
9994
3472
6758
5642
8918
5531
9098
8962
2542
7747
7171
8496
7390
853
5620
10
2045
4153
9790
5079
6595
8699
286
5653
8094
8461
5630
7261
679
3475
4702
5397
3319
997
6661
8217
1109
382
8707
9441
3440
2839
1748
2047
7878
2986
7891
89
4318
8599
937
9492
4915
3533
5470
2484
7386
4457
5461
7820
1242
9488
564
7947
757
8846
6911
1743
6770
9861
1048
8611
9102
1324
2129
2938
808
4588
7505
2231
719
5192
2196
1705
3507
8028
8335
609
5560
8723
509
7594
4436
3907
5677
4738
2313
7230
8575
4810
787
677
8641
3848
5545
4008
1354
2404
5822
3286
8288
3765
1496
7643
9901
2879
723
9252
9860
879
720
8
8692
7513
6813
6764
3656
5899
8681
4861
9147
9075
6398
5960
7116
5296
7373
5151
7323
5946
8095
4355
6224
7197
8018
993
6382
6695
337
378
1809
5524
5652
7698
7708
2872
9450
9137
1079
7457
8442
7998
7431
3849
7015
7211
9720
1458
9914
3205
4186
394
2982
7612
9685
7551
3126
7413
1056
3342
3767
5044
8622
4784
7456
9347
1269
3556
7278
6441
9857
8399
6367
5406
4036
7901
4012
9203
3864
3161
3338
8378
8481
538
6820
7669
2894
8647
8906
3434
494
5395
3015
1974
5370
2871
8663
1569
2804
2075
6890
2823
4047
737
9046
8462
2544
6679
3798
4582
8482
6935
9362
9594
6991
8237
983
3292
7164
7283
6729
6318
7831
644
2271
9015
5562
1568
3215
7228
3586
7704
1444
1969
1747
7022
9336
3681
1554
2208
3807
3032
7399
9160
7600
7159
7821
6850
3667
721
6465
4501
890
3071
7561
6564
3276
7105
2968
6137
5823
1917
2797
4521
2571
5769
8552
8358
7849
2529
2798
520
5326
7021
6254
7788
7030
7875
7706
8243
9350
8563
2169
6527
6682
2396
4527
6788
3416
9897
3994
4946
2244
805
110
4235
1802
2547
9894
7830
9029
5039
6871
4764
7066
4808
1998
3341
7
5641
5060
1260
3604
5010
7638
4155
9377
4098
3301
8975
9935
9183
1031
9326
6212
6676
8795
8429
5020
7500
8709
4650
603
6052
1055
4829
990
7170
8278
7023
5352
4440
7047
7359
9472
1699
6836
3059
8584
9237
2354
7140
471
7720
2000
7257
9813
7585
5631
507
8944
9845
5895
9509
8235
9443
8876
4657
665
8081
4776
3031
437
9651
3913
4739
3227
6231
610
231
1766
2969
3160
4417
6980
9507
7180
5949
5262
1004
9196
153
8072
3473
5405
7062
551
4856
5449
6219
1127
2250
2603
9597
5295
6100
8497
5614
5793
5711
6868
5730
6977
1072
3152
560
1006
2583
6656
1368
274
8328
9165
7804
4244
2768
6947
5764
5462
6809
4037
318
7528
760
2490
5818
6456
2123
9626
1521
8585
5619
6548
3331
9302
5618
4363
3593
3155
197
5338
6664
3437
1921
3581
2367
6205
3316
5929
5176
1944
7461
2689
8198
4433
1952
1637
2931
9964
4820
1094
7620
1768
766
2454
3734
9949
6244
5016
5814
4090
660
9829
4672
5474
5003
7930
9358
9810
7001
3120
52
1536
3462
3111
2115
9763
4860
3466
7049
6281
431
193
5853
5983
9727
8119
7411
2253
4027
5127
6769
4508
9670
3618
308
752
2318
8189
2677
6691
6455
9923
5862
8134
7971
7936
9026
7889
4064
7921
5117
2668
296
4044
6889
8565
9724
2553
3042
4616
6353
7740
2119
3212
6892
5228
9085
88
3969
1813
6513
8310
9865
8994
9461
998
9628
9279
5587
5305
8006
9798
7039
7996
6946
9272
5902
3365
7801
7806
5264
2754
1775
4377
4370
4106
9118
8790
2746
1515
8222
8623
5542
5645
6128
9622
8073
8909
3298
9276
7322
2958
1849
2988
2770
1763
417
3805
4857
9161
1360
6606
3760
5042
9682
1626
7902
636
1792
5062
4651
4772
6826
8362
3118
1596
1497
4837
4867
9918
7592
8257
4437
2037
5197
1346
8588
5741
2179
3169
2464
2155
8457
1222
5708
5785
5456
42
2420
8558
8089
7254
6344
9498
422
4002
5719
9853
6636
2329
3328
1896
8953
1744
425
3546
141
1776
6721
3787
7110
3069
287
5014
9113
6300
2948
2268
9815
6044
2331
4866
1246
2671
2611
2431
4794
6204
4536
4716
4001
1165
4077
7484
7544
7611
8271
1561
4092
3268
3432
2070
7608
5844
7876
9871
4883
6164
5601
3846
8274
5554
1075
393
1710
4607
5847
3527
5686
2764
4835
7201
2168
409
9968
8488
1355
8821
4405
8910
3610
5261
1212
7895
3666
6463
8245
982
7518
5539
7335
8916
7550
6504
523
3436
1797
6663
5557
3265
2432
6736
108
7924
8152
9406
1202
9672
6978
1010
8197
6395
8122
8977
1535
8234
4246
8132
1020
5443
5938
4250
2784
1147
2570
7374
3485
4367
4470
5128
7212
3988
6314
2200
565
9425
4648
7576
6599
2909
6027
6295
2359
6268
9226
7375
462
8967
7249
3006
6467
2397
2606
1339
8200
8133
5024
598
7292
7552
8228
5112
8303
6343
2522
9549
8230
9037
4926
8655
9879
8604
2465
2802
5341
2462
2575
6616
3260
3732
6158
7739
7967
7483
1352
2021
2854
3020
1617
7222
9369
420
6479
487
971
2270
146
8859
2044
9635
4403
5414
7593
9148
2533
3143
1069
3426
991
5800
9945
403
8277
8911
6109
604
5092
3359
3565
2528
1700
5675
7851
5446
4714
6085
5159
68
6643
9278
380
7092
7935
4892
1764
569
5211
9215
7253
4705
168
819
2034
8592
3329
9379
2607
3108
4143
3131
9451
4505
3749
8186
4791
7451
3469
5141
7464
9250
2847
8829
4976
239
4087
4929
8003
6381
557
6998
3832
5801
2880
3786
3970
6048
1818
9458
5065
7268
5200
6369
5276
9422
6358
2652
2429
5723
1689
9095
8415
9557
6076
1965
9007
7138
6154
683
1384
2548
666
4486
1832
6975
1525
8162
9919
8857
5319
6703
6794
697
1851
5143
681
9986
9420
1843
1713
1029
172
388
7353
7896
3999
928
3163
2353
4276
7797
5389
7242
6189
4166
7450
2595
8361
8803
5858
8265
4121
4455
5337
3249
7506
9700
9378
7663
7517
2266
8068
6313
9094
4907
5756
9496
3294
6439
6459
5543
4985
3231
9948
3057
1081
9032
4380
7639
9240
8034
5436
6759
2139
2868
9734
1857
191
4132
5996
2087
3445
9814
6997
6418
8631
9157
837
5129
1329
4236
6266
2338
9216
9984
4692
4063
6798
6383
1858
1860
9489
1805
9163
3241
6649
8449
9242
4165
6233
5950
3096
8136
9809
3487
9839
7670
5581
1606
7158
553
1215
79
4931
9785
4162
217
8318
9474
7478
1393
6122
6629
7125
2463
3977
7421
3582
4593
3555
7287
870
4516
3428
4878
1446
3544
5472
5774
9106
5604
6357
1930
4793
8704
9227
6349
9775
7115
7823
458
9843
8128
6766
2048
1327
7144
4618
893
9738
6474
4156
5978
4586
9909
1722
5905
6089
3377
9533
8210
5586
3209
1862
2324
9754
6994
619
7648
6016
2394
2416
6186
5027
76
8343
341
7132
196
8756
6125
9773
5930
8830
4987
9821
8064
6059
2793
2944
8005
2170
7814
9818
3844
9907
4594
1971
4142
8038
4278
3442
6525
7131
5372
4656
4125
69
8893
162
6232
1160
6910
2309
2587
4390
4819
5943
2846
142
3320
9767
1855
641
5875
4889
8956
5694
2301
6445
4488
699
8716
5051
8844
3430
8339
9231
7252
7899
3779
2109
8420
9799
1865
4195
7496
2807
3408
497
4184
957
3931
4328
1704
1478
3872
3790
8015
8524
8518
1090
1506
8007
8562
786
5534
5444
8350
1771
4089
9027
4577
5752
8464
3712
2501
6906
1288
5968
117
2749
9612
57
5833
738
5283
7382
1936
2488
6242
8486
1615
6585
9306
6912
7127
4952
5570
9972
4718
5088
3115
9713
6084
6196
8538
4229
7734
159
271
996
6008
8480
5913
5955
7220
7440
8590
8498
4540
3204
8697
1907
9005
5170
4261
405
3829
2057
2630
7208
3857
8525
265
3629
6320
4955
5343
9963
3129
1564
24
135
5972
9881
5669
629
7010
2884
9694
6610
3500
6013
953
4314
5869
587
6544
190
3968
6845
5186
6302
7233
1583
4040
6555
1752
9366
5588
1375
6022
1989
5517
7695
266
9598
5964
2565
8048
1566
4284
2974
4293
8250
7299
6677
1106
1479
8252
5454
6816
1814
4599
3427
2104
8324
517
2701
7432
3263
278
8494
1371
6985
3672
3109
611
8447
9846
2235
6590
8601
8757
6294
5080
7721
7560
9283
6843
7798
2228
911
3880
9322
2173
7449
6045
7042
6303
8307
1063
3112
6784
6567
8140
3340
4375
1696
6443
6803
3366
3690
8379
58
504
5576
7224
243
9159
2568
6230
6060
7565
863
2505
8144
8268
9831
5362
9243
6919
5339
4000
5340
1474
9680
5852
9452
1631
3196
3048
5169
3061
7533
4313
2743
8687
5609
5434
2883
6558
8773
4858
5598
1042
4009
8903
4242
6058
7150
4122
2658
2767
2059
7306
2649
4694
7968
4822
376
9004
9267
1156
6561
3296
1908
3150
9063
3237
4181
319
7321
7016
6823
6327
4169
3119
3156
3605
3571
263
1590
9290
3588
829
9947
1972
3996
812
8092
9906
6992
793
5383
632
3450
3719
6176
8764
4343
1879
815
3961
6598
5111
7647
4615
2618
2870
4557
3175
3933
5217
9395
4700
4769
3927
8026
427
6065
1208
8769
2202
4234
1469
7523
5234
5188
4537
5074
8489
1253
6594
9660
1328
1657
7860
1853
312
963
5410
9301
914
6095
4291
8115
1581
6952
4583
6696
8979
1336
4770
1039
5147
5736
1125
8074
6632
1005
4159
1130
9429
2972
3197
6352
249
429
906
2342
8363
3744
6956
3123
7564
201
6711
9281
3179
6019
2439
9130
5918
5704
2421
7467
6413
9291
214
1000
3856
5241
2810
5483
4220
7540
7060
1485
6435
5148
7900
3102
5848
8964
8411
7524
594
9606
8887
5336
2945
5935
2015
730
3089
6568
4617
5363
5882
8738
111
8130
1638
6969
7236
834
9620
1309
3731
2545
6198
328
4269
3478
436
7546
9188
2078
4334
7535
9000
5612
3137
2419
6554
6634
8540
2213
4938
7151
218
935
1572
2737
350
522
1373
1580
8823
1991
8528
1687
1683
3257
3114
3580
718
7056
8500
876
8327
7043
9104
4299
1759
9142
5770
3044
3236
4654
8783
5873
2572
5629
9298
4993
4652
1092
6274
7383
1257
8171
1370
7347
8372
2887
298
2806
8922
237
8107
8989
8423
707
9061
8814
8625
9991
8098
6859
7481
7709
5924
9537
2163
7470
1134
5119
8813
127
1553
178
7923
7262
7482
3671
725
1880
4310
6802
2407
7541
899
8848
2153
9414
6702
5628
8175
3916
4865
5347
2199
3349
8365
22
3387
9816
3575
8020
1116
6905
3138
4231
9134
9093
8370
8557
9976
9313
6029
4629
6870
2850
9580
6165
4584
6227
3526
7119
2624
6394
7009
5416
9995
1001
3810
7655
5070
100
1266
7213
5239
6761
7664
1660
4241
4826
667
4408
7486
1433
4839
1841
4111
2481
9684
3324
2980
3547
1547
9804
1584
726
7864
5265
7183
2018
9445
7181
9975
4830
2285
4362
4877
3545
9236
2033
733
4035
2531
247
2910
6709
2060
7807
2154
3669
2536
3144
2874
2466
5138
2996
4742
8296
7248
926
4259
4888
5549
5786
224
4178
7992
6074
796
7195
2442
8050
9082
5361
8856
8816
3248
440
7442
2160
8433
8828
980
1845
6454
9633
2775
4720
5684
966
1139
2320
2718
9569
5672
7974
9832
1520
5504
2362
4416
6930
5527
7443
9186
9375
8392
1488
932
7223
9499
2705
3945
3788
434
2567
4531
6168
9346
7090
578
4553
2116
8439
4368
3598
4571
7676
9465
5643
6801
1291
7874
3122
6866
4205
2998
581
6331
2580
7973
5056
1466
8184
4345
691
2171
6321
2987
6270
4354
1333
2143
8815
5198
8441
4351
9595
260
1436
6705
8406
2351
6393
9562
6170
916
5795
1101
8398
6949
5819
2640
8636
7729
6839
9333
3771
579
1453
5206
4602
5966
8831
3887
9517
9707
125
527
5412
543
705
1378
2122
9659
3300
1054
9087
6275
5558
6596
4420
1672
1305
9721
3756
1931
764
7610
1753
6161
9841
7843
7979
7168
534
5773
474
2852
2934
1820
7963
5485
1304
7394
782
3354
5737
6806
5047
5962
5457
7104
1007
772
9572
4812
7982
4606
326
2135
2951
4526
3210
544
41
5366
8311
6615
9079
5120
9204
6424
4365
348
4221
1790
4799
7362
4049
6336
198
6203
6415
2025
5441
9555
9503
9959
8817
4722
9353
4630
9084
1312
6840
7247
149
595
464
15
4496
4605
3736
1738
9269
2482
449
8123
9128
9481
536
4667
101
8299
8344
5682
4398
9340
2144
7723
5130
930
9668
8473
301
8079
2043
3909
5409
4684
1902
5644
7324
7133
9885
777
3269
4093
5270
2452
3646
1803
3762
4631
8424
4147
9352
6796
4922
8638
1296
5525
6499
6901
1411
5155
9014
685
3764
3171
2564
7424
9656
9578
3052
59
2530
8969
5559
2913
465
790
531
8877
1891
7134
8851
3233
9593
7949
8503
8671
4189
5925
5121
7938
9228
3952
1934
3513
5573
6462
3106
9222
8874
6973
4139
1877
9151
2989
6718
9848
3011
810
4973
4546
1560
5782
290
694
5078
1604
8401
2113
273
7516
316
9476
4734
2330
606
1276
5575
5936
7057
8784
1233
6771
7783
5508
5213
7221
5482
2209
179
3418
6793
9592
6187
6607
1729
1544
8314
1726
3774
9791
5791
588
1407
2146
283
2916
1643
4489
7779
5320
2234
1138
9483
9123
6706
7243
5244
5958
8337
9631
7284
4109
7258
8875
688
4411
9698
6220
7176
2300
4945
4894
489
8208
2977
1795
9900
332
6752
3441
6457
1133
2246
3558
9674
6556
2999
7705
4836
943
373
9446
9570
9367
2314
9449
3740
2499
5082
3493
2476
3812
779
1401
8912
165
9762
9794
5222
5937
1886
6867
7908
4085
1781
6047
1714
2576
5729
7719
8726
11
9778
4197
4292
5426
448
2927
8789
4643
8555
5910
9305
1780
4664
1968
7334
2525
9556
4880
1735
3873
2691
3291
7840
6200
8181
2585
9835
8754
6982
714
5248
5779
6032
7796
4357
4465
1943
1577
369
506
9166
5335
6625
8383
3423
2615
7977
9587
2317
2566
5417
3203
3172
8145
9870
886
2985
3448
1854
2778
411
4275
1277
7040
7939
5256
304
8669
9081
7955
8619
8254
4620
4103
7417
3386
9403
7497
7265
3991
3421
6136
7177
6724
4158
521
1129
1622
2834
8297
5836
3177
8153
6783
364
9979
1136
5232
5494
8797
4950
2822
6086
2459
7661
354
2659
2222
400
2480
3773
9393
6248
4520
836
3959
6079
4300
7200
4724
8656
599
3758
6999
7366
5093
8137
1439
1038
2455
1715
2799
3384
3932
5789
3847
9185
94
5162
831
7487
3002
3713
1195
6773
2492
9145
5495
7414
3611
2861
4338
9274
4814
894
1320
1948
510
9337
2541
505
1198
6680
6526
7790
9190
8765
1447
2660
7808
7279
6255
1966
5633
3587
7907
3976
2379
3623
6340
9179
2892
7813
4559
5944
5776
2750
3140
7303
2765
875
8246
7920
6633
813
7328
2427
6986
6054
7370
3553
9844
1890
1050
9759
7555
4118
9193
2955
7282
6723
5766
8938
3899
7636
8834
3979
6792
8193
9582
9601
9793
1058
1258
758
6904
1791
1074
3536
4051
5311
3519
1819
7735
478
2038
4511
4828
4789
6366
2650
5477
8313
4257
9028
2631
3530
910
167
8985
5794
7554
2859
5032
8684
5427
5306
2510
128
3643
2049
8602
6317
5681
9330
608
577
8491
6789
6142
7751
1913
1522
1323
6701
9131
5698
3946
7162
7051
640
6571
8531
6097
3617
53
2678
1942
7653
2377
83
6150
9307
5516
8142
3157
5460
4219
1692
5095
7343
1806
8662
1340
4660
5656
4325
1758
2494
1928
7707
3038
1077
2726
4177
2612
9491
500
6119
558
5881
4378
9765
8393
3777
5420
4576
2779
3937
2254
5967
3718
9836
8930
6600
7575
9404
1949
5886
390
1644
6981
2434
7827
4124
9426
5941
7591
8688
6193
1176
2957
7601
7894
6278
1517
1437
2131
6668
6613
9195
884
7651
668
6877
2294
9171
7463
2089
2450
4901
4030
4254
7987
9787
410
3972
5125
4818
5304
6777
7479
6831
2024
9662
9021
4996
7028
9784
2372
2667
8207
9895
8759
4975
5639
696
8793
4339
8058
555
8248
2056
9067
3090
6925
3307
5687
9600
1582
6495
5103
3246
4642
4572
8283
4908
6609
1357
4479
9704
5716
3076
8666
7285
8746
75
7354
695
9716
1347
6163
6619
2836
4225
7515
3841
4463
9335
2443
5399
3007
7027
1885
9280
2103
5538
5550
1172
8928
832
291
6903
7867
3235
99
979
8667
5580
9392
9136
45
7548
4349
872
9858
6035
3515
5009
5617
7187
9677
959
9162
7032
4691
1421
2085
9439
7931
6637
2573
4556
948
2333
2825
8404
2654
5240
2468
635
6037
7582
9479
8677
5803
8359
6686
8751
7538
9039
3259
1888
6361
6038
8862
120
3684
7691
3772
5191
4781
2703
8727
2010
2189
6562
8581
1608
2616
1362
9565
175
4382
9655
4065
7607
9208
7226
9154
5153
3911
944
5691
7904
5396
1037
4117
861
4554
9560
7774
3944
339
2702
2815
5355
6328
9736
3949
7232
1245
6730
5164
8102
7227
826
6107
7472
3136
3612
74
9468
4779
3191
8281
3726
4288
9965
8864
3883
7954
8594
7514
6191
4067
6945
7325
5615
4459
6291
5479
9286
7123
2076
3133
189
4331
8113
6743
4251
8320
631
4481
6626
744
1298
3279
7678
8645
492
8440
2745
5762
5732
2961
3004
5506
6962
3077
6837
2952
8800
3066
4503
8931
3253
8418
4568
5328
4173
7014
6471
924
6436
5857
256
9916
8086
5513
9649
6147
2016
4429
6414
8715
5931
4409
176
9733
8373
4052
2469
1330
8689
5031
3695
1519
9229
9531
5242
2959
8882
1727
8448
4948
4757
8502
4988
9415
1878
8559
7471
3826
8127
2637
2332
1567
3752
710
9764
541
1002
5026
2733
5493
9444
5190
2684
6559
2645
6081
7474
4598
3902
5892
5084
1487
3402
7508
2507
17
5379
6640
2183
9268
3459
2302
2007
3068
7632
2360
5709
7465
8852
4579
9614
6658
3484
6026
2628
5255
2676
8272
8238
9981
1531
1428
8036
5714
9882
2162
134
3663
2120
2240
7603
7869
8101
7753
16
6299
9640
9096
2722
4545
3230
5790
5422
1400
9303
2756
8099
6070
3929
6286
4515
8616
9514
9013
8355
9417
7476
502
1994
9368
2794
9983
1406
8242
2029
4182
8705
2071
4665
8620
7981
8708
4773
2686
3811
4798
4447
8474
9958
2845
9292
8963
9442
8078
4754
2423
4592
9210
6360
7509
2552
5072
2032
7718
6519
6971
4344
2460
2646
3662
6002
3095
7218
481
3948
651
9563
7065
3639
8778
426
109
1718
4148
6597
1815
8384
1120
4482
8083
9539
5036
3213
9381
1224
5874
9669
439
6808
5175
800
8892
9944
7492
1754
617
4004
7861
1555
4967
1220
7161
5208
1973
4900
5089
6400
5184
9712
7179
6540
8347
1041
3190
6521
7617
6111
7854
3353
6714
8342
633
1100
7229
1113
8427
9812
5349
38
5294
3845
3874
3372
39
888
1834
1236
9776
3005
4255
4222
5028
8905
2983
2924
1064
3397
7068
6888
2178
9168
3792
1363
7363
9629
9398
2430
4851
5290
1022
9348
5567
8945
5606
8713
6178
2915
3045
5547
6250
7011
5404
7387
7644
1194
5275
9244
6377
6091
7692
5799
8520
3072
3904
1159
3041
1773
2273
7194
6123
5646
7914
9630
276
7408
8512
5073
7512
797
3361
7166
2328
5765
4751
4483
2708
6260
3835
6740
9760
6916
4805
2166
8368
5940
6130
1455
1869
7255
7781
3374
9842
3388
6543
5808
3855
9634
9891
574
5054
593
1523
4817
8009
4992
9710
5757
8255
5301
8996
4301
3510
9388
3258
5050
2971
6347
4374
7990
7953
4838
3881
4623
4484
3936
8811
5926
835
7749
8566
174
2283
6096
423
3028
4715
6179
8179
801
1314
72
1294
7435
6720
4498
8262
4446
9559
8241
3809
3825
1939
3918
1732
2386
6389
2841
6417
748
2400
4978
8884
3483
5253
3620
6984
148
5214
554
3027
1712
7641
8981
119
3727
7280
6330
4728
3026
7816
2534
7784
8356
2526
8315
9480
3833
9173
12
708
8973
2141
724
3302
7910
596
8633
1174
5269
5775
7618
4400
2344
2398
8651
8168
7361
2249
227
2243
2399
6284
7272
5755
3551
9985
9678
1646
1204
8149
7724
6563
1272
2172
3101
2339
6577
5118
3950
7405
897
8214
2923
9826
7650
2438
2626
6194
5181
9782
9419
3843
2023
3635
3439
3332
6099
8935
7377
591
3433
3054
9718
5365
3803
6707
4698
1538
9745
634
2817
3552
5807
5293
5515
600
6748
9400
4208
8360
563
7480
4890
9052
9430
4347
1189
1740
1611
755
1909
637
6574
8568
7613
749
4850
9933
450
2792
9619
2474
7605
1457
5911
7588
5565
6175
9320
1322
2064
2436
2790
1539
6420
2435
7397
3245
2363
1209
7445
1086
7694
5122
3570
4658
3406
1122
1861
2688
4709
1183
5509
9610
5090
1904
8331
5289
4438
5880
9311
8478
9639
3373
6765
5806
4038
5817
2947
6028
756
186
4213
4994
2837
4939
4596
2826
1512
1550
5350
3549
9867
7384
2012
362
8533
689
2936
7393
9199
9771
3644
8729
3751
7048
4149
9743
3670
8659
1080
6957
5203
7427
1540
3917
7341
6787
498
115
3817
5680
5984
7452
124
1034
3957
1835
2124
9023
8543
1450
6530
8414
1082
1987
6931
5063
1623
3463
3400
5979
7726
9883
2891
2648
7083
8176
3607
1494
5385
2928
6338
46
2013
8976
6829
2355
5673
8934
6669
1678
3637
3814
8609
7519
1117
5131
2205
3589
655
1244
3614
5578
143
7203
4211
5314
7396
5963
6259
9755
8971
1665
3456
5528
9249
7637
4782
2017
8169
6864
8952
2720
4961
5163
7107
342
1237
4512
693
1586
6924
3356
6516
6862
1193
9405
4475
1711
4843
3793
9725
2657
8495
7350
5987
2935
3371
8056
6218
8291
5551
5374
1
8649
3837
261
154
9143
9438
4201
1107
4942
1527
4957
3474
9862
4842
4174
5440
9637
8293
4981
9485
9189
7020
5788
4115
9740
7999
4274
7789
8289
8895
4846
163
9525
7188
7511
5043
5747
4509
1046
7409
1953
7825
798
2291
2091
9650
3984
4612
1155
7696
4057
2906
2220
4442
4921
8044
80
1724
9103
375
3494
5759
8739
3987
8615
6134
7800
6737
956
9652
698
9493
3512
7241
397
7853
8724
7586
4232
6380
2065
9732
357
9783
1576
680
9074
5481
1807
4528
323
6279
5013
4152
8366
2539
3490
3827
4668
7689
6989
9089
2898
6550
4825
6725
2411
1299
8032
3394
7425
396
4628
7045
1098
7026
5287
6517
138
9114
6010
352
7771
1680
6363
9139
8530
2840
1543
7855
387
5001
6553
3882
3742
3283
1252
7934
9510
3073
915
8329
2417
5985
1475
2742
1097
6865
8154
2074
6710
4273
2918
9749
1882
8752
7536
4904
3424
9722
9218
768
9553
5713
8576
1530
4104
1852
7890
4418
1634
4821
7658
7537
4609
5710
3088
8521
2449
4192
8172
6493
6416
414
3189
7858
4207
7006
3280
8526
1013
8603
9490
9386
6733
7675
2851
3266
1749
4233
8978
6872
1673
2151
2092
106
6828
4056
6635
7142
2897
3224
7458
3333
2926
6951
5696
9071
2669
7656
3162
9033
3861
2800
5798
5973
4905
268
2263
1416
792
6844
9372
6795
7988
7810
3505
280
327
3250
9119
8927
3176
4141
9825
2212
703
4364
2683
3557
513
2562
622
9260
4071
3655
2039
2371
8787
292
8506
9086
3488
7584
7346
381
236
2993
8334
2364
6481
3804
5871
3287
4140
895
1508
6365
8675
4513
7191
3168
3398
7379
8779
3229
7277
3183
385
6304
1504
7351
1367
5577
5318
9581
2632
4263
3714
3375
4610
2555
5230
4282
647
6155
946
6692
6638
9494
1500
2305
360
8233
5690
7859
6289
1659
9982
4688
8143
1620
7237
7503
5650
4202
5627
1551
7319
9285
6253
6608
8580
8515
3560
3521
456
9551
3992
5994
5274
6760
857
6267
1830
6842
3686
2875
5386
4271
5947
13
9497
8422
2917
2748
6040
157
8714
1148
9681
887
7080
8229
2072
4963
9122
6114
7645
395
9264
6397
8405
6082
7095
2732
1675
1297
6225
4645
5976
5017
7091
7157
9599
8173
919
9711
5491
8691
2599
317
4989
4849
9410
401
1804
5391
9902
8682
5268
9806
5596
8897
251
3854
4366
9504
5075
2006
9893
2929
1961
5174
909
3889
2719
9999
2415
8980
123
3866
1821
8917
7209
3981
1145
6368
8818
2150
9034
203
8997
8664
1595
9389
310
6579
6211
822
5876
8926
5521
8920
8103
1154
2298
2118
5753
8843
9692
446
40
9690
913
4319
5332
2634
1967
8192
9735
648
965
6451
9230
5868
1053
1331
8475
3747
212
6277
5097
8504
5498
9803
6909
3989
9546
3778
4771
8564
3369
5948
2366
6954
3868
8771
6392
5739
6311
2099
349
5951
5805
9905
4372
5959
1837
4146
7446
8121
7067
7671
3522
7225
1489
9044
5091
2308
5492
9133
8806
7845
8866
969
2312
8860
2441
2106
7542
2063
907
1706
2136
6475
3290
778
3938
3531
6966
8516
4726
3721
6184
9753
3595
3900
5683
4327
2486
7728
9604
4638
8755
3816
3330
2762
1484
9646
8624
8841
9802
9469
3184
7589
2835
8753
5424
4611
8607
1118
4227
7885
869
3010
6588
6974
1505
2995
8218
3578
9050
5194
9795
6873
8035
4729
4243
6241
1153
6732
2098
9766
6092
3368
9801
776
5005
6325
2503
7025
9714
9088
2491
5688
5346
9255
1027
1574
5285
2176
4847
9427
2133
1349
7738
7035
6927
7976
85
9325
3705
8114
8871
7522
8322
1570
1826
1345
3891
5702
6936
4870
8510
908
7434
8954
3094
3645
5419
5813
5291
657
4673
8499
3509
6830
8276
615
9896
5901
9169
1207
2752
3616
4580
8794
6819
210
5464
6494
5784
722
7786
4719
4940
1348
8970
3486
2715
8749
762
4172
9822
5974
3409
1281
3074
8514
1918
2693
8606
7202
491
2040
572
625
5514
1429
3282
7412
4755
7587
9048
208
2108
455
8055
4918
5064
9031
9987
1168
8091
5272
8904
2437
650
4852
202
1757
7428
5735
6569
7886
4150
9266
8156
1358
4949
942
4474
6900
4453
7905
3708
7903
9156
9974
9993
2848
8434
2774
1651
3942
1513
2036
3262
9950
129
2511
6448
8096
2747
1963
8453
6753
3206
7850
7965
9194
5220
2556
5037
2912
3743
4133
5107
1278
546
2281
7795
1783
8648
4523
3516
4308
5046
5502
1602
5376
4640
1015
1293
413
4740
7668
2712
9126
435
9247
6860
8346
5467
4059
1589
3239
1898
4497
4476
2061
1188
2161
1016
9390
775
4183
3240
7380
4427
7269
5824
9316
8767
1883
379
1012
2614
8077
4175
3741
8770
8824
1925
7579
3940
2757
5889
2842
1591
3381
7401
9146
2586
7122
9066
1300
8658
4163
4647
1597
71
5367
8827
3517
1664
5917
1734
6402
4662
2315
2904
3355
8960
5353
6961
2260
2731
1731
6651
4388
7295
86
7113
3569
7406
9010
6206
9125
5970
8493
3496
9176
6967
3640
8914
7710
5518
8357
2238
1110
9040
4548
4412
1625
3890
6308
2247
2991
3797
8900
8808
8057
9653
105
6207
4253
8166
3446
2751
5205
5754
5647
5887
3170
6190
2031
5707
3627
8204
7008
9756
6088
4763
1808
6140
4414
8340
4635
270
4875
1274
2512
7276
5218
3207
5137
7244
336
4212
6492
2844
155
3034
5133
7055
1900
1655
9293
5851
2008
2896
6384
5722
1395
933
8259
2598
205
1234
8731
499
2262
4127
5589
4792
4003
8643
4010
1788
5408
626
5594
7945
4971
1343
5846
9284
6221
6030
1169
2088
3180
6624
4982
1697
1379
4168
3181
8371
8047
528
4504
5602
399
6105
771
4176
7877
7155
5450
3871
9746
1946
1661
7911
4862
6520
9691
3824
4797
6149
8213
282
9657
6744
173
4023
9072
4871
5059
4823
4925
2299
9737
2148
7654
883
1825
9020
7951
3158
2523
7941
4048
1800
5654
1316
3903
3628
4750
892
6728
9008
1018
9187
1648
7147
1701
891
2881
122
8397
4934
8740
6774
5252
972
195
5724
1618
8925
4072
1871
2156
5369
5815
9248
8395
1313
1284
2979
3343
3278
2922
2121
9317
9686
2356
6208
3351
8589
8737
6587
9515
4570
4930
9538
1816
3748
5635
4260
901
6326
4434
8002
9003
9609
3626
5249
3965
5555
742
2970
2194
3894
4179
4869
5378
6346
809
9124
4636
1014
6237
4200
7918
8135
1024
3087
2084
5445
1093
8742
3897
3682
5834
6715
7156
9178
4187
1811
8008
2796
8958
5595
6329
8673
8419
6043
508
1632
7574
6307
9424
1799
3012
8698
1387
3884
8734
3668
9150
6348
3716
2477
8763
731
6805
5465
7302
2963
3566
5210
4884
8703
4913
2903
2272
6430
4385
2304
5611
26
2147
8190
6449
6874
9552
7196
3299
2204
5552
1011
8226
3350
6684
8385
7703
3255
6090
1516
9573
9946
9583
673
29
4005
4535
5692
5313
1099
8270
7111
7153
4194
3491
4206
2656
9018
5590
4230
5841
137
1911
452
2966
5956
2026
2081
1376
7391
4525
1249
2644
2744
2673
3964
6655
4566
7829
5193
6172
9505
5219
2905
9092
741
612
2520
1895
3429
2296
7928
5018
2780
9407
7913
3990
6614
6290
2738
4218
1229
7919
8386
2403
1062
2175
8051
4305
8417
1565
363
3254
7332
9616
8416
8537
7093
4747
5166
3334
8547
5523
4016
9671
1868
7525
3831
613
9399
8163
6049
3561
3415
8545
14
5468
3504
785
9111
4203
5992
6464
1471
3121
7349
8652
6069
1719
6342
5223
716
8215
7250
4287
4774
9109
1686
4112
1413
65
5995
4393
5425
1745
3451
9807
5725
479
1240
1186
2537
3218
8706
9482
1984
226
6419
1342
3559
4807
6518
7041
4788
9769
4958
31
6775
9349
8571
2805
2383
1822
5185
8988
447
6891
5069
1247
2554
4590
5603
704
9030
8444
811
3396
2769
3599
9641
6618
9319
5258
898
670
3037
5835
5303
7149
3275
4687
194
1192
2661
1303
8573
6324
3632
8561
4644
5172
5041
727
7674
1410
5458
9182
9016
2789
9460
7364
3033
8523
9308
6855
9391
1592
1451
8466
1493
992
9873
7186
2655
8445
7842
8650
4302
8804
6024
6135
9899
140
4214
5156
6350
701
8160
1688
3707
8627
3200
7485
3117
6515
3822
6315
6376
9854
3568
8968
6039
5712
9924
6280
3110
7058
9475
5000
7556
96
1271
3520
3100
8196
8219
5035
706
6421
1279
4468
277
8501
1467
297
6102
5126
1940
5934
6287
3722
4597
6485
7477
6080
3511
8017
8042
6879
9036
6861
8224
7333
4984
5478
3335
6177
7331
6917
1317
1912
8838
5952
6272
8316
3728
4532
5640
4452
4466
4824
279
8850
4733
3420
6098
131
4743
3039
8870
2900
3208
1425
6062
7994
7422
2735
1658
6141
1831
8177
8569
3963
789
2375
3703
3677
5086
3085
7199
5600
7460
6121
6094
3063
4472
8921
4445
5703
8711
5510
717
4467
4603
7504
6781
7050
445
676
171
7628
9922
3009
5388
7758
8323
6427
3738
2899
2619
9495
8391
3960
2215
1873
2812
874
3167
7836
8957
3492
6486
4756
7630
351
4352
2610
3125
7499
2028
7097
1954
264
147
4840
9287
9144
1049
4294
5201
2617
2267
1579
9009
7141
7064
5438
225
8294
5733
8509
806
4119
700
9819
9047
6387
1601
9966
9911
7215
9575
8382
7207
9354
4006
6779
8915
6934
1173
4131
6034
7754
6466
4746
2540
8621
7407
3226
2623
2393
9019
2177
9726
1239
1919
7997
582
9519
8772
6006
2345
6654
3615
7357
1140
5990
5623
329
3563
9644
1693
9412
4014
6713
4478
847
1287
6199
5324
8721
6586
6763
9956
3403
3187
5308
3924
2978
3982
1197
2448
4224
2636
1887
6354
8982
3840
5556
4266
1190
761
2174
185
2054
652
4932
1248
4919
4033
7293
9038
6273
5442
245
5767
2589
6239
649
1548
4935
8479
9058
4024
248
3064
1235
7245
3084
4736
9884
3870
1756
5100
8782
4581
4758
281
1662
1061
1733
3198
9796
3943
6195
7572
8487
552
3673
7530
7077
2824
1492
5358
6995
5407
2620
3479
1442
3799
9370
9
8695
6293
1128
5624
7912
3164
4848
7289
1511
6173
4110
7441
1784
5613
8164
954
5520
9054
2264
7388
3311
6181
9060
5145
9664
664
90
1449
8430
1777
7957
7597
4462
1238
8267
4088
7835
8306
9006
19
9742
8836
4786
6073
6473
2997
8116
9719
3058
4270
257
2811
584
3974
5199
6875
4666
3304
2515
8966
881
4530
3295
8998
295
7501
275
6913
3323
8202
9339
2921
7529
8390
2592
1228
8883
6423
6881
1102
656
3955
9383
5927
8285
9920
8256
4086
9827
6087
1575
514
3336
6552
5906
6646
2402
7743
3676
6653
4096
2496
3267
7217
4659
4671
6747
4350
67
8040
938
5250
817
4032
9603
1392
1839
7121
8947
6734
6573
3795
1441
1383
5522
1318
5845
2327
2343
4795
8750
8728
1017
5179
4277
6673
8965
2457
4696
6965
2453
7662
1932
4811
984
7887
5511
1666
6480
161
9534
3939
1916
473
5829
8352
5569
4677
5302
8610
305
215
7581
3315
7942
1170
9758
7857
3534
1231
5591
7290
9693
4209
9774
5544
6478
9024
2953
1695
66
3912
5816
3878
4360
6202
1335
5006
7320
2259
9374
252
7702
7563
7717
9129
8195
3476
9838
3941
4854
5015
4591
9467
7312
9708
238
4534
7385
4426
8377
9977
2755
6958
8062
6511
5738
2114
7270
6319
3185
6298
4116
9365
976
3261
1254
8063
7184
9338
1126
8760
9310
7167
7609
9435
9164
1422
1937
6375
1789
7880
5437
5744
6502
2843
5726
7625
2413
1275
152
5432
621
5019
8923
8785
4777
1344
5695
1495
4947
4711
1690
6536
4060
7578
3691
5977
9890
5536
493
3313
8617
7802
5286
7342
9091
2739
7086
7595
6351
4199
7822
3652
6817
7757
8550
2041
4910
927
5209
2813
751
9180
7769
2663
9586
9952
7118
3234
2990
2095
4280
467
7768
3723
8554
921
4058
5333
8686
1040
4046
8508
8653
8236
5402
3306
7103
5740
8832
158
5670
6941
9511
242
8732
44
2740
1884
8513
6285
9140
496
1976
7430
4493
3322
9225
1226
6152
7240
9056
5728
7072
7488
4804
2558
5233
1388
5922
9992
2782
8718
9175
8412
3272
9886
2207
1707
3621
3886
5033
5608
4204
4502
6578
7216
7173
4053
4161
1600
9376
398
9623
7872
6014
6251
2307
3417
1691
3370
6535
6229
1997
7267
6778
84
6355
8117
1988
5225
5717
6139
5109
4608
3238
4341
1059
1152
121
6169
3584
8012
6226
6762
6804
5490
4920
9462
5094
9251
2237
2303
2641
1587
9997
9701
5505
2184
5758
221
3297
6453
8188
7469
7309
7787
7510
4358
5991
386
9904
9564
6699
6404
2771
5330
4279
2019
3625
8743
1262
2257
6628
4395
130
5961
1241
1112
2374
7210
5418
7770
9502
3518
5760
999
3247
3928
1166
2527
366
774
4425
6932
8719
4745
1111
182
682
2127
3389
2625
2195
6523
9748
8854
8004
7744
6674
8613
8670
3165
1529
6216
2622
6772
2967
5411
6580
8805
1676
2236
7756
597
9518
2020
9632
6505
5157
6841
4653
7114
8304
4020
9833
4595
4419
37
2425
7281
7454
3188
8403
8992
8483
156
1047
232
516
2479
8147
4394
2498
6072
9197
9434
7046
8010
1409
7369
2428
4228
5403
4727
549
209
585
6660
6938
418
6755
4320
233
9747
6983
1181
3648
7805
1045
3148
7713
4833
3419
6959
4069
313
8332
4062
7543
3457
3783
740
5421
5161
6584
1785
1490
1084
1628
2787
4215
1364
8443
3867
1975
6650
334
8899
6942
9051
7336
3264
8936
5297
3271
9487
211
2563
7475
7071
1557
4285
3412
9385
4011
9675
8868
5778
220
6821
9055
7599
9615
7570
8432
8139
795
4783
5830
5529
3562
3357
7619
4844
7916
3364
4813
9299
1874
9828
3453
7882
7126
539
3794
1137
9584
5826
7948
2984
1386
1035
7274
6671
4633
6972
2994
3080
3953
6572
8741
3293
5532
5400
6391
2067
419
9043
6031
839
8183
7606
7234
3056
2395
6976
8605
3216
3725
7937
2777
9288
8974
2447
3029
5792
453
4247
8467
9528
7005
3501
1044
590
1629
8995
3050
8067
7818
2551
9837
6015
5345
8837
6007
8939
3000
4759
7154
4094
6406
4091
7078
2809
8717
6700
8199
6857
1350
5783
9973
3325
2695
675
750
2111
6914
2706
6151
5541
7984
4834
4519
6476
8907
9432
4386
3823
3583
8646
4460
7725
8069
6670
6923
9917
905
5068
4369
4787
8972
3784
8791
3201
6882
2100
9864
9428
1356
82
1636
2310
5387
6057
8942
6256
7635
92
8125
4309
9817
9545
9805
7263
5331
2082
8657
3346
6310
2919
6678
1635
1243
602
1259
6898
2401
2546
8579
765
4542
4185
9730
2933
6617
9676
303
7494
3815
2053
1760
1178
769
2517
240
7815
880
2473
7622
7777
5384
8024
8548
6477
1405
570
4359
8894
1761
5316
7553
878
9257
8090
1645
5658
7044
1910
254
6490
2280
4911
1477
3782
3842
5334
3288
1295
7193
1656
8413
2857
7219
4690
1923
1412
2387
2068
9543
5540
732
2217
4990
2140
6252
8082
2381
4019
7175
1163
6005
1146
8672
3919
34
6484
2862
8287
1070
9761
8788
7736
8924
6531
9863
2788
7906
3642
2855
4196
9418
1684
7368
2107
2252
2876
8799
3317
734
3078
9654
113
9110
4120
4039
9127
9115
8387
4541
1996
7614
9568
3468
3413
8847
5671
7868
1398
4101
5469
1999
4145
7205
3060
9695
8376
139
5546
104
1823
8570
9868
6583
495
9658
6528
6960
9927
9709
2679
7348
7856
6148
3630
9217
922
3739
1986
6056
8845
5431
7356
6539
8701
8679
7884
2358
3053
4563
6247
6403
93
1924
9253
8913
9788
989
4495
5480
6611
6551
2535
3376
3460
1162
9558
5571
6409
6849
2621
255
6312
1391
8630
6690
6118
2713
1751
6009
463
1892
1361
4322
7969
9273
7837
7944
2157
5537
5077
4217
754
1306
4737
8869
4924
1720
1149
246
4897
1848
745
8279
8266
5957
8155
7327
3154
5195
8211
7100
5071
4876
4383
4767
126
728
5171
2911
333
4565
2485
7036
1408
4054
3243
7298
9431
7402
1545
5246
1702
6067
55
7075
1414
4683
6271
3401
3305
8644
5837
1850
3892
950
7602
3502
8264
6739
7172
9153
3863
2094
2102
6004
3754
2863
5975
5563
3572
384
2992
3382
4034
7626
1415
5891
1725
377
9971
2662
6180
735
3956
8059
5939
1143
4198
5423
5398
4625
7833
1872
794
5865
2889
940
8955
1769
421
8049
1922
5561
1607
1445
4753
9715
314
2030
5357
7785
1283
859
2055
9421
5259
3908
177
9221
3730
2827
3199
2406
383
4007
4379
3023
7898
3378
4885
2316
6066
8861
9342
7711
1397
7824
7019
7426
9943
4477
1510
9200
