462
816
623
831
207
72
25
1773
275
508
1173
1306
1262
197
1246
923
1882
20
1605
517
1518
710
164
1801
1071
384
1482
1757
548
1812
942
1596
101
1264
1120
1648
418
87
1825
1506
182
1111
142
504
645
622
1148
49
447
518
649
810
668
559
1929
774
1366
1764
1373
1235
1073
1557
554
828
908
430
1631
888
1492
1810
1152
1559
1017
920
305
374
1194
656
224
40
163
1267
1252
65
301
1021
631
1568
1818
1955
438
1799
751
1370
1519
1137
238
254
1771
1266
425
267
939
1894
1777
319
1084
1571
1443
1088
1196
1598
1515
1292
523
1155
1323
1233
1680
1159
144
1026
446
75
1379
666
1936
364
1999
468
433
824
499
123
1426
247
1140
210
1824
1910
991
680
1232
1312
262
1565
326
745
133
313
982
1412
961
266
578
353
99
1005
1935
1547
159
1282
1464
1719
1925
363
1782
1012
1593
796
219
370
1632
1099
1795
681
1750
852
1952
987
793
217
702
1407
966
1329
859
812
1579
1397
389
718
1549
1498
1271
1834
112
820
997
394
897
861
1497
692
674
568
955
1742
1094
126
1377
757
589
913
694
1805
1555
1188
1881
1758
1970
1339
1040
948
1982
310
12
1669
724
1389
1651
1532
231
565
1763
1505
30
1187
767
894
1195
327
830
1743
1892
693
892
204
616
66
135
1659
1989
1604
55
1454
1285
1636
980
243
194
225
211
449
1490
1580
1891
1103
930
392
1511
698
792
158
511
476
482
1037
436
1465
1934
32
1077
318
670
929
452
556
765
1420
1126
783
787
1895
423
1864
1907
1184
409
1691
606
1423
1328
501
1657
866
1500
779
422
1843
360
720
1446
776
749
1974
78
1303
69
996
676
350
372
826
1135
1538
1463
651
1355
1728
400
1049
671
241
1132
396
978
1145
874
1268
424
291
601
1562
1779
171
788
839
269
1326
1277
760
1442
1642
1390
658
52
1365
134
1146
1369
989
1947
1413
769
883
317
1785
282
270
292
1316
205
218
786
1288
454
137
1544
1122
1024
1988
103
1297
359
842
1270
947
981
439
1523
705
990
735
638
490
68
971
1435
1754
1786
933
856
416
1416
1847
741
268
104
994
1533
875
808
582
193
977
429
958
1996
1215
653
1668
1612
591
1051
249
1842
862
1966
343
1832
1013
1589
1789
1186
1899
252
1372
1854
1552
1273
1458
1741
777
1333
1031
1016
1363
33
659
295
420
88
369
1309
18
457
834
1245
1708
1200
379
1975
957
1717
1983
469
1688
1614
1304
940
258
1001
1210
322
1203
1830
484
1564
47
388
722
1081
324
1211
1230
1698
1242
58
1237
954
227
1585
170
321
655
1980
1718
711
340
22
477
1736
1689
1821
624
1675
198
435
1092
636
768
904
390
951
854
782
1720
1901
731
1567
82
1006
522
533
279
641
1545
1984
905
27
96
1479
821
1368
1513
876
1687
1286
798
53
1863
1391
878
1151
48
1694
1284
672
1386
1765
755
427
860
100
650
1256
320
73
1704
538
180
593
174
28
752
1167
1577
1234
791
380
1875
520
1428
937
962
663
346
1251
539
858
1850
853
1433
1746
245
1986
699
26
575
434
823
404
886
1902
696
473
167
1127
1476
495
1664
1690
417
946
1917
1729
1478
349
1663
621
840
1360
336
799
1096
1932
1839
1924
632
402
1078
1484
756
355
1517
1735
463
1298
1459
1591
976
1997
1429
1885
371
234
166
1174
744
41
1172
609
1468
213
1796
1723
108
928
983
662
1199
383
421
1861
837
963
61
203
195
109
949
639
813
199
196
1227
1007
938
475
487
410
592
627
763
922
120
309
1438
415
970
896
1345
1385
93
1357
1473
1108
613
1444
192
1780
1238
1042
1207
1080
483
1624
715
1964
1627
1406
581
1638
39
603
1290
1953
1487
116
537
177
1033
945
1990
347
1191
604
325
1548
31
736
1666
1794
59
618
1409
1791
1833
1918
437
376
1455
1427
1622
1398
1119
1477
1193
1244
1561
173
906
1315
1039
1431
797
111
215
10
1504
481
1082
806
1480
136
1414
652
1815
1085
94
1028
1650
721
610
1960
571
1941
1310
156
1324
803
1879
804
1804
1860
1317
1177
543
1707
1293
707
290
1670
740
985
98
560
1944
984
1700
175
829
1404
684
877
1399
644
1976
1214
1896
110
451
1133
464
105
1937
188
1276
208
81
882
1588
1059
619
1434
294
1838
1844
1807
1321
891
1295
1216
1643
261
113
60
155
1348
248
1302
1499
1419
1852
1249
643
1322
51
1583
1183
1343
85
818
628
90
1043
1156
117
1531
1072
1471
398
161
296
1613
1107
91
181
244
1921
785
143
717
145
1693
1716
450
375
1809
1190
1868
585
889
871
1217
1361
1402
1410
918
308
1802
513
1968
1362
726
1696
1576
541
1930
312
932
1403
968
1221
1661
37
1626
1866
819
1768
455
1994
583
510
1198
838
1289
1922
1261
4
399
880
406
1537
412
1790
1724
1784
742
550
1035
950
780
393
1740
1483
815
973
1060
1948
1816
1684
287
531
669
1637
1452
1727
1474
1311
1939
189
1819
44
42
1673
1179
125
586
1041
297
29
1553
1488
1162
1208
206
1064
999
678
1870
280
1243
614
356
890
716
115
1886
835
1857
1453
635
789
127
1853
1775
1957
1046
63
361
124
442
1560
1170
232
1110
506
1878
1744
9
263
405
150
801
83
1327
1592
1871
1726
1462
1130
1022
1872
846
230
1998
775
1551
1301
1008
1481
1283
1619
366
683
5
772
1383
151
1228
1962
1621
239
870
190
827
1873
1931
1164
919
841
1911
307
1305
1927
1734
1686
1539
1644
915
1609
471
1241
1318
212
293
50
1943
748
1496
1959
1010
770
865
855
1715
492
719
689
1117
184
697
1144
974
1097
1450
910
1566
1225
253
549
515
1376
1347
1143
1319
284
121
1845
576
95
1192
941
1158
1858
79
869
1672
1425
157
1992
884
1753
1677
1646
444
1213
1485
153
743
1652
1721
630
333
1722
1645
1602
1865
1971
909
969
1263
1884
1837
561
844
607
1991
1139
1175
1508
1278
629
936
1739
1456
1978
1101
1831
1528
1489
1220
1762
1961
762
1610
1346
1913
1147
521
1909
809
1382
1534
1569
86
1761
529
1732
1851
209
1030
298
1281
1136
1063
753
1828
1114
458
873
1977
956
36
530
378
1792
1713
1979
1358
903
107
242
1617
1165
1258
542
1685
540
255
1701
1224
1835
1202
761
574
1491
612
1280
778
1985
732
1928
122
1630
1417
1090
1616
288
577
1091
1623
734
1160
625
1395
1052
1161
1375
1987
1800
1118
1711
1681
569
1226
1259
1340
300
664
1679
1603
524
807
1125
1914
634
1356
1590
1138
746
527
1154
1095
1314
1940
794
1658
1916
1392
23
1660
857
1540
1239
1332
902
1205
1671
1378
952
893
507
21
119
1926
1954
1461
1956
822
654
1344
701
1640
1032
1542
1038
555
706
339
781
289
758
441
514
1014
1000
183
1712
1781
460
1945
314
1889
1749
186
140
887
1274
478
833
1730
1066
800
1349
201
1575
216
1367
344
1466
401
1003
331
545
598
1325
316
975
1307
1023
685
1981
1745
1240
1594
311
1253
544
1129
688
64
1279
687
274
299
960
1597
397
528
682
1949
328
691
1128
1856
1067
1308
1044
1430
1445
1331
1521
1546
1702
1415
368
615
605
1530
1967
747
686
147
13
257
1906
667
1969
519
1888
34
773
303
335
599
1236
1502
1424
491
1113
251
283
1653
165
1255
1806
1563
334
1336
703
358
1760
1558
1848
228
1706
1408
713
1157
1098
1880
1100
479
647
74
236
1374
764
1388
714
168
1938
1353
202
868
1582
675
278
1334
387
921
1772
1958
512
802
562
1683
1047
1004
1002
572
1823
246
1755
271
863
959
750
1337
129
1747
845
489
1467
1116
805
1020
1769
1904
1874
867
1250
708
1422
8
1134
494
1783
1556
1074
1611
1068
1493
1436
917
1655
1803
1897
1189
754
1950
1516
1034
62
525
1364
1946
1437
551
1522
264
1149
1629
1142
1400
532
573
1027
1767
178
1011
907
727
1840
367
352
386
1912
1667
608
1150
1814
323
535
97
723
233
348
1180
191
1798
1709
1846
1115
118
1725
1380
995
2000
35
626
448
1056
817
1494
1524
851
1265
276
633
1168
1584
1529
1550
226
306
7
17
900
1649
1015
1338
943
338
365
1905
1737
926
739
403
1212
944
895
337
162
466
1
728
2
1269
850
223
1849
1260
488
1050
931
11
1089
377
6
486
19
1411
459
836
250
281
1793
737
1699
600
729
563
505
885
1093
1313
1573
872
557
1639
1218
1608
953
38
1908
1075
1601
1197
1299
1628
169
899
1254
1526
1820
1460
1222
766
534
503
1963
1599
1229
500
440
595
1201
1291
77
1813
43
470
679
1469
733
1634
1527
1206
265
1641
395
566
200
3
843
567
1570
1841
57
152
1965
646
927
1808
172
1633
1877
1656
584
54
1123
1102
1086
1448
526
998
89
1381
1062
602
1405
1069
637
1209
617
1247
1248
428
587
690
730
277
256
1083
1797
790
673
1104
1470
407
1009
1320
986
1514
901
552
1204
1776
1449
620
1182
260
912
1703
1920
304
15
148
432
564
1257
914
1342
1883
273
67
964
1053
1272
665
1057
1296
1153
1827
221
1811
916
1294
814
992
1942
381
1124
351
1351
1647
185
1076
1105
14
1341
1432
967
502
1401
235
1662
154
1887
1607
1087
220
1705
1520
925
934
141
259
590
1817
222
493
1915
139
1036
1595
1535
1993
1606
677
1439
179
1829
1109
1507
1581
1131
465
1919
1181
1371
76
1330
1973
176
114
92
45
588
1121
657
138
642
1751
443
879
131
1635
536
146
1359
1587
1070
1618
1472
979
237
285
467
1574
1185
385
1421
1045
558
1620
1822
1923
988
898
106
1615
725
553
1275
411
1019
509
391
965
431
1770
497
1951
413
1933
1510
795
1876
130
132
453
660
445
700
80
1756
924
414
1766
579
547
1393
849
1600
1350
1509
972
1682
1674
1178
341
1223
1335
1692
1525
594
1695
771
472
1697
881
1867
516
1176
1396
1788
16
1733
214
580
498
354
160
864
1572
1893
187
1836
456
302
1163
332
1898
1972
474
712
1995
272
1065
461
1025
1501
847
1503
240
1869
496
1475
330
1418
362
611
1384
1748
1387
704
1447
1578
825
1710
661
1441
1890
1731
408
811
1231
546
1300
315
709
570
1457
935
1778
128
1752
1440
1171
597
1061
1554
419
373
1543
84
329
784
286
1166
1826
759
1903
102
1495
1541
1859
1169
426
1451
1625
71
1738
1029
70
738
1855
848
596
1678
1141
1394
1079
342
46
1676
357
1352
1219
832
1665
1048
1287
1900
1486
648
345
485
1112
1862
1058
1714
382
695
1536
640
1787
1586
1055
1018
1054
1106
1759
229
149
1512
911
56
993
1354
24
1654
1774
480
