2303
349
2724
1734
367
1895
2460
1753
1283
730
2608
1148
2087
2935
2945
2155
2969
2782
1709
1181
183
2126
281
1054
2033
1264
2211
1981
2453
2212
1836
2427
2364
802
215
2547
864
665
1250
1211
748
2732
596
2722
2591
756
528
610
975
746
2530
2233
1208
578
2306
56
2441
2526
2324
105
2138
944
606
735
2625
2820
659
2554
1327
2564
1789
2883
120
1199
1592
502
2192
417
2398
677
2062
2508
1847
575
2891
2523
2296
2498
1626
357
87
980
815
1611
1570
2376
751
2065
1827
2120
2141
1340
2180
2543
1839
2281
809
188
2852
1086
2129
1920
2269
222
2408
821
2753
2679
2114
2629
652
2979
2013
1440
2104
1282
2563
1212
1683
1038
594
159
2166
2652
2239
1878
31
522
1521
2948
2927
2395
1903
1033
2045
1657
2067
1266
613
1258
1447
1761
1342
2581
893
956
2434
184
531
2746
186
1344
1370
1823
460
1099
2276
2365
445
2308
509
1478
1520
1536
1365
2649
1597
1939
1610
2648
1381
2976
1383
1333
238
2818
902
1720
858
976
1805
2705
2186
1589
2922
371
2021
86
89
644
1368
1881
1658
146
1943
2641
2794
1318
178
1772
239
779
605
2847
1970
1402
243
1693
796
526
1877
171
2337
869
797
1576
701
2915
2244
1278
1806
1204
686
2086
2630
2070
689
1041
1326
574
891
928
372
1714
2778
1065
846
2986
373
2592
2957
1791
2118
723
963
2708
110
232
2983
1188
2843
435
1314
2403
1009
2959
1750
1110
2562
1069
1798
1956
2198
415
1308
1744
2767
933
1628
2933
94
1162
624
456
2541
63
568
2
2884
2181
2205
301
1633
155
852
2834
2985
2358
2183
786
2487
2435
1898
1066
391
2330
207
2404
1529
290
1784
1044
1341
240
1215
1914
1983
2676
97
1270
1093
2739
1338
932
2982
2587
1232
512
1130
2756
1016
2895
1362
218
2289
1411
1379
204
1908
656
600
2115
1115
1064
2550
1770
1676
125
2735
1138
1958
1578
2411
2268
1834
2836
584
1756
1917
556
486
2360
2048
2260
959
973
612
2032
2879
660
325
771
1774
640
974
1955
2344
2674
609
2027
259
634
2973
198
384
416
2216
2881
289
2503
2275
783
895
2047
1705
1090
1824
955
1097
1560
459
590
2646
2996
2516
1347
2026
555
2850
1978
1505
118
1777
425
432
2590
2334
2764
1590
1713
1616
1663
1527
1385
275
1244
1040
2734
2747
2223
381
12
749
1950
1472
1042
849
2005
2801
1112
330
426
165
1164
940
707
1671
1302
271
269
111
2653
2436
780
569
1851
2511
2716
513
2845
297
103
647
1079
2697
1865
2204
1083
1511
77
2579
2409
448
876
840
2828
45
83
210
1415
985
2390
1640
960
1251
964
2803
2302
1559
2010
2657
2482
627
788
2085
2566
2424
1605
1844
1656
2356
1574
1108
2509
2886
2745
914
722
2559
1452
952
1544
431
1063
2016
2111
2715
1216
2903
969
302
2542
703
1864
2024
29
1081
621
2232
397
2206
2501
2711
2236
726
407
450
728
552
1451
1442
958
1900
1962
2614
2701
1261
1915
309
408
469
2740
1047
2899
1725
2121
865
2017
2714
2769
140
993
2603
102
2368
1008
2558
1946
2607
1309
467
523
295
1644
71
326
2595
2660
1698
41
2162
1952
773
1410
1382
135
1177
972
1219
342
622
2894
477
2691
2997
819
2726
1146
1556
130
713
1651
1298
1276
2018
697
2795
1084
2832
757
712
774
535
310
945
375
1460
903
2939
2313
2218
2083
1355
982
1863
1775
544
1376
2743
226
434
2568
57
2951
1101
1230
2612
1932
2109
859
1620
13
2112
2892
136
134
2762
1516
1125
2807
2934
508
2280
866
662
1011
862
2916
283
133
2176
2140
1373
1602
641
599
4
206
1884
511
268
2450
2255
1169
1940
233
539
1509
766
721
175
1444
2307
412
2254
1224
1848
524
1386
2484
2219
2266
2311
2514
710
913
2597
224
1630
750
114
2731
1690
747
1000
2250
943
2478
636
497
126
2505
2341
2414
1711
691
278
2877
1648
607
209
365
352
350
1585
2041
2440
785
1043
2430
758
1636
680
2990
55
2097
1496
1227
826
2271
2704
2249
2177
394
2117
1866
2686
1256
2145
2667
2284
2914
558
370
781
790
615
2172
2582
2059
919
2780
2199
548
1700
1583
2020
440
2785
2685
1048
42
2519
1053
1873
1046
2160
733
1678
1622
386
496
324
361
2713
671
580
2504
1127
2153
2975
2179
2298
2029
825
1681
775
1360
2626
2165
1551
2189
418
618
1694
1567
2664
2148
2466
1409
962
628
2791
52
132
493
1277
360
1137
1491
532
1697
1335
675
567
1931
1443
2285
1389
1259
653
2532
2670
2537
2908
2037
2423
1052
1429
2833
2639
1776
23
250
488
144
2937
1449
10
1490
637
1369
1558
2202
2961
787
2681
2727
856
90
485
311
2031
1479
1150
1339
651
2147
2392
2171
2273
116
2666
2936
1506
2321
2190
708
2707
127
2924
565
2972
2605
2437
731
2386
2489
1801
1971
387
629
939
694
1934
1872
879
2101
1092
453
2327
2738
1351
1015
2797
529
2730
1811
1492
124
715
1960
1135
1202
1542
2463
2775
353
1623
2377
1654
1660
794
1469
335
2225
345
885
1140
2052
2719
2522
366
782
1729
1912
2374
170
187
1306
395
2402
601
1980
2407
64
2373
2264
2531
1825
1717
2389
1838
231
2034
1398
822
147
1968
2870
2455
1524
2952
1607
2044
49
2132
1285
288
1077
1767
1348
2326
1356
631
981
2661
910
542
2131
811
2472
2227
2288
148
179
1487
1573
228
793
692
2011
2265
106
1632
674
2869
2316
54
2089
1045
475
911
490
2868
2812
2004
483
2237
471
851
1124
2410
2320
1870
1703
881
470
2426
2128
1012
1593
1170
2146
2425
1893
1024
1596
1245
112
348
1198
818
924
1292
153
2583
930
2950
1730
108
2954
19
892
967
8
688
987
2415
40
1799
2258
1817
131
196
2362
1668
668
2793
1149
817
465
1572
2246
2688
1923
890
1586
2999
880
1557
1619
1856
1354
645
1550
1549
1095
2710
2471
137
2872
1735
2113
884
1989
1532
2662
970
5
2512
1614
2476
1134
472
1167
1483
1926
2650
2573
1357
807
655
563
745
2827
2178
1766
926
334
280
320
245
2093
1271
2538
1659
160
107
1334
1002
557
168
873
2989
842
658
2994
2507
1103
1377
603
464
2378
1374
2601
99
2194
1116
810
806
855
163
2609
2521
1035
242
1976
2854
2804
1715
1502
1523
561
189
1802
323
1531
1346
2671
2079
141
1004
2569
2851
424
2448
1253
2477
91
1953
669
1629
1793
1606
1768
1414
847
2182
270
941
804
1380
1737
2136
820
2741
2464
138
1591
2815
1704
848
1332
576
1161
1993
1547
2574
2825
805
988
96
2500
1537
2672
1441
68
1087
1178
1701
1880
2152
2106
2091
2370
1323
299
36
702
1254
2656
554
1352
1995
2243
205
7
1508
2195
1182
2479
2839
494
672
1649
162
588
1405
2758
151
1538
2798
2642
2485
2813
157
1229
331
1763
617
1738
2231
2773
2910
1918
1050
2385
272
1861
1132
729
2940
2577
277
965
1680
1465
1225
1860
1587
954
1746
1391
1996
2474
813
1850
639
2524
1677
70
1828
1243
1296
1397
698
2253
1797
312
1147
2379
2056
2230
1577
642
2620
2578
657
1193
2470
2294
2397
1255
176
2462
396
1105
18
2384
67
2783
1420
1815
1821
505
2938
2092
252
2784
2829
630
1930
2585
1653
2493
1803
24
2853
1727
2622
1114
1019
2196
84
2174
1123
154
190
2161
586
625
2292
540
1883
2696
192
1875
799
16
2718
443
1594
2702
2257
1274
368
1329
1482
2323
2616
894
2124
2796
227
2919
2816
1459
1438
2022
2770
1517
307
2261
667
2095
1615
199
113
2317
2077
994
1579
2576
2678
1184
696
566
2137
2955
27
1286
520
2618
1071
1675
1413
2817
755
1156
1388
1841
427
2467
1514
1293
1029
2381
1497
571
1165
1269
478
164
2050
2906
543
304
1007
1987
1525
2717
1667
2371
1018
1892
2528
1257
1384
725
1613
129
329
1858
1951
2393
382
100
2075
2325
553
2862
2837
632
2338
81
1404
2197
2898
419
638
473
2396
1751
1331
2200
182
2703
2768
2991
878
1458
1435
2779
1217
538
414
676
2102
2589
1419
1144
2865
1625
2962
1171
2242
1773
770
1295
6
2076
2647
1959
1324
234
17
1845
2039
761
1003
1710
1922
2000
2806
760
219
1456
1061
1139
51
2520
1998
1049
2819
282
583
801
1979
1910
333
1151
2790
1153
47
2896
172
1056
461
1020
1503
2751
816
1209
1604
1699
1528
616
369
844
428
1265
104
663
1869
2552
854
1390
2163
999
681
174
2442
2492
58
180
2918
753
1919
2459
2226
25
1128
14
2974
2432
792
2331
2310
2787
1249
177
1287
1673
1822
1937
2336
1001
466
65
886
2357
2406
2682
1349
2811
772
2809
1013
2168
1297
2003
718
1473
2651
1268
1655
2270
1964
2610
197
1437
1973
1262
1476
2838
316
303
2654
1145
614
1275
2158
223
948
1236
1279
2755
2201
2297
1036
2333
1949
635
2252
2805
2154
2810
827
1831
2278
1291
1433
1635
1507
152
2008
284
479
1642
1840
1764
1294
35
327
2643
2046
1246
1141
2355
388
2309
784
2038
1228
1475
2023
139
579
1361
1608
901
406
950
2042
455
2343
831
546
142
1904
2267
2387
1687
620
1322
1708
1017
1353
2624
1832
1830
1545
225
1152
399
2984
2748
1853
1944
2893
2051
2874
2725
2214
1299
2259
991
1109
2548
1820
2888
1301
337
2125
1133
2929
161
2049
1412
447
1500
1163
581
2184
1868
504
338
1288
347
2130
1807
803
2143
598
1426
1088
390
2586
422
1568
2251
2890
1424
2723
1833
2902
1601
714
201
1091
1695
2173
317
230
2754
2840
1748
328
1026
947
829
1195
1176
2687
1999
145
1407
2209
1191
1522
1743
990
476
1210
2623
626
582
1367
2555
121
1666
2971
1240
1461
649
358
2043
516
604
1107
2144
602
2282
2036
857
2350
74
1392
2949
1786
1543
1494
912
2220
1759
1928
2858
1234
1706
1468
1785
385
501
1143
896
1554
1267
719
551
2694
1755
2103
1375
1273
1085
1300
2953
646
1070
754
1480
1661
1526
1885
194
1214
2889
915
1871
2882
2824
2527
1966
313
2094
437
1350
339
398
2774
2830
853
2856
2632
332
2213
195
2680
1664
1771
38
61
1984
2627
2169
1173
738
1796
2510
1916
534
2988
549
1994
704
1804
1464
1617
1311
169
1432
961
1247
519
1310
2483
300
530
592
1745
2494
1118
1670
1997
1902
273
1598
1142
1493
2669
1548
88
1818
1025
2861
2947
2546
2028
1098
1599
2277
2446
2496
1317
53
1561
1408
2897
220
2372
1446
2081
2958
573
2439
379
2122
2444
1484
2262
1504
2604
3
2913
654
1421
266
2272
1027
62
2946
1401
351
314
247
1290
1541
679
2367
491
2966
765
2565
318
2363
50
236
2234
2064
824
966
492
2932
46
1641
762
2993
1034
2866
633
2615
2286
1913
2486
2438
700
2777
541
916
378
1894
2655
1126
2980
1948
1826
2763
2596
1555
2760
274
380
2602
1718
2540
741
1358
2599
143
1752
2529
1652
2677
2502
411
1857
682
1765
922
2821
2658
256
2761
838
1732
1062
2925
150
1991
2594
737
2335
20
648
1901
2665
1180
2709
1158
2015
678
1618
2750
214
2412
1929
1197
2841
2497
66
2749
1810
1395
403
2170
1416
2814
1519
442
1925
249
2835
996
685
1073
2391
1886
743
1782
2736
1371
499
200
2279
2443
1933
212
444
2909
2871
2844
572
363
2080
2287
2110
666
1539
2867
2776
1890
248
836
1724
1879
1252
1672
2142
2100
800
1117
374
1689
1222
1096
211
2291
2014
2339
2099
413
2695
1226
929
69
1843
908
923
1780
2074
2457
1428
1783
2473
2848
421
1495
315
2992
2073
383
286
362
2119
889
1795
2382
1488
521
2346
2060
2663
1055
2619
564
938
1967
1014
2088
1213
2826
2322
246
591
1852
1399
410
2593
1320
2491
2673
1175
2789
1094
2090
1005
1862
1260
1037
1691
951
1809
2072
2539
1023
2802
870
1200
2447
1074
1032
1207
73
33
2942
241
446
1436
1581
2006
39
670
1800
1457
98
2887
291
2175
1328
1498
1855
1057
995
2208
37
1030
593
2506
1988
906
2149
1434
294
1684
2600
1909
452
2319
562
346
1595
716
2617
260
1078
2737
1905
936
1731
769
2305
841
1723
257
128
839
2312
623
537
2488
2515
2901
1584
1474
441
2561
871
1082
1982
2637
2668
2792
2193
1129
1154
1742
2157
1621
907
438
2428
2035
498
768
1372
1936
1111
843
2055
2720
2348
292
1325
992
1835
1712
481
1172
2549
429
482
60
2926
1728
867
2799
1430
1189
1935
507
1813
2078
1749
1969
2191
732
451
2772
319
1058
2863
2351
2071
897
119
253
1975
1359
117
109
2923
1284
2987
1450
2433
2551
1028
1722
1769
2332
2069
1455
2759
2222
2706
1201
1876
158
791
221
2788
1060
1992
296
1924
1603
1685
1102
2846
1682
2215
2465
1051
1564
1867
1563
661
968
742
2557
2572
2728
2636
1534
1688
2030
1119
1406
1157
305
734
899
2875
2293
216
2757
2721
1643
2912
2584
1394
1463
1513
1552
354
2135
59
2429
181
2766
2998
1422
2967
1337
1448
1600
918
462
837
835
1721
1486
2418
570
706
608
2388
2580
298
832
1485
2458
1990
321
1927
2905
2638
2944
2240
2495
863
693
1571
1897
2342
2274
850
1179
293
2207
2545
2301
2420
2480
2931
937
2151
2123
2221
1808
2588
400
2019
2001
1471
814
767
2786
1645
22
776
1196
306
2900
1707
971
927
463
695
420
92
795
2700
1272
2228
1131
1345
2098
518
1719
166
1530
1580
2203
1754
15
2108
2611
2842
589
845
340
433
2263
1637
2956
736
2002
1183
405
1303
2698
229
2452
11
834
2567
2318
2885
740
393
533
261
1965
1168
279
1160
2525
2640
2248
1233
1650
2860
487
2921
2340
882
1907
2451
185
690
872
595
1674
1540
308
2712
1190
401
1790
1686
287
1454
2422
2965
1336
739
1757
983
2960
2968
2659
2556
2692
1467
510
2383
193
1974
861
1192
525
254
2518
2238
2116
2053
673
2904
1021
1
34
860
356
1363
833
1316
1174
2405
1829
1059
2300
2633
1779
1972
2849
1241
1778
2354
1812
1977
1237
82
1510
1466
1489
2299
1477
920
2729
2210
255
1418
2164
2645
545
44
2449
1733
1315
1263
1194
156
1239
2084
1100
874
1453
887
1427
2963
1887
2917
711
2009
759
263
888
1896
2329
1747
21
1089
2353
359
2693
921
202
1889
2461
1888
2283
2394
2684
514
2513
2314
909
2139
931
808
122
78
389
1849
946
449
1221
1762
898
203
1842
458
577
2066
1289
1575
2928
264
1304
1512
699
2167
2544
900
2347
480
1281
1819
2808
191
1121
1136
409
1501
1280
2744
2533
1692
1321
2859
978
1248
1702
1760
683
503
1006
115
1679
2413
611
392
977
1220
1837
1647
823
251
517
643
2369
2878
1631
1788
1425
1364
905
1515
2419
2040
2068
457
436
1814
979
167
957
1609
868
79
2675
30
26
2133
720
2445
764
585
322
2941
2007
1882
2621
744
1986
2082
468
763
454
2977
2421
1963
789
1639
258
812
2454
949
798
664
2245
1736
875
1313
1941
1535
1185
1938
1816
1231
76
777
2058
1080
986
1205
2217
2553
2857
953
2061
1186
1235
2964
2831
547
1911
1218
2107
2235
2800
1122
877
2822
925
2315
95
1470
2159
2096
1431
904
1957
2349
989
1067
484
1445
1947
560
998
2399
2380
48
2855
942
1439
2345
2475
1223
2352
2328
237
506
883
9
208
3000
2187
2907
80
2417
2185
1906
2401
1499
1726
717
423
1859
430
2635
2613
364
1120
587
997
619
1854
2742
2063
244
500
489
687
1312
495
276
2606
1546
1072
2690
1665
2361
1985
1403
1203
28
2229
43
2400
597
1899
1739
2536
2765
1307
828
935
2699
2873
2057
2823
2517
2490
1794
1039
1481
1319
2535
213
1417
934
2771
1945
32
1206
2247
1758
2054
1787
235
75
1242
2469
778
2943
1393
377
1921
536
1022
2683
2752
376
1716
1166
1366
1961
2876
2256
1518
1010
1187
2366
2456
2134
1740
2978
2560
265
1846
2781
559
2930
1569
2981
1305
355
2359
2733
1562
1068
1343
2468
2499
2628
2689
1781
527
2188
724
1378
1330
1106
917
2127
1566
1396
1104
1238
1553
2295
550
1462
2920
1874
705
1387
2880
1076
2105
1075
1612
2241
752
1423
2570
515
2534
439
1696
709
2644
1155
2012
2571
341
1662
2634
149
343
2598
1792
1638
402
1533
2995
404
72
2911
1627
1634
684
1582
1741
1159
830
1113
336
2631
1954
2290
2864
1942
1669
727
262
1400
2025
123
2375
1588
2416
285
2481
101
2304
1624
1565
984
344
2575
173
85
1031
2431
2224
217
474
267
1891
1646
93
650
2156
2970
2150
