2280
2571
2434
2847
2467
3162
2225
328
2184
2714
3568
1048
2424
3058
2855
1665
1897
1834
1911
1097
3398
647
2172
959
3670
1014
1855
1414
188
3850
1743
921
952
136
1203
2296
1001
439
423
1399
2933
337
878
1070
1997
804
2284
665
2965
699
3237
574
3448
2335
3616
2170
3884
623
2903
1277
2194
1912
922
2354
625
2895
2481
3693
179
1765
3740
1063
3596
1714
2033
100
3241
3359
2891
1184
52
104
2640
919
1146
996
3069
2301
2422
2279
2244
2228
1592
3204
53
2879
2257
299
244
2114
719
775
1113
780
1563
2220
2577
503
1073
3230
194
3041
1030
2117
2329
1484
2371
369
1950
1266
91
3602
2276
3501
345
849
3885
3468
1373
1591
1615
2512
1753
166
2076
2555
474
2251
1283
2182
1622
2568
2497
710
1024
2850
2402
508
2010
2423
2966
263
185
2451
788
3965
2653
636
84
1314
3110
429
295
1197
678
2823
2429
1619
1310
2025
3411
3007
2234
3953
2418
592
2820
2499
2715
3407
3783
1062
1379
525
3782
707
534
3388
709
3488
3151
3511
3809
604
1856
1634
1882
2529
1630
2796
3273
202
208
2353
3251
2392
3826
994
2077
2843
1720
2268
509
1331
2534
1176
1675
2488
1813
3970
3148
1049
1673
1627
2369
1054
476
3554
2778
329
1421
1529
1803
805
3132
3257
1039
2350
1090
2995
1526
1981
2672
3898
3743
182
1812
1736
2445
3931
1842
3383
819
73
2123
1361
3754
418
238
2621
2120
448
877
3830
1525
3183
1072
584
1682
3678
403
2865
557
1757
1936
3265
2085
718
2446
1395
3493
2486
13
3092
1267
2031
3014
695
3972
2763
2237
1207
3037
2460
1999
1892
1466
2829
1134
45
293
3594
512
2599
2524
1093
282
3650
304
1672
693
1725
2922
2333
2320
880
655
3893
2173
2983
1102
3217
2619
1817
485
3412
1551
3703
900
1328
3827
806
910
186
2174
588
1671
824
738
1958
1705
931
2464
990
3214
2868
1191
172
1603
3447
736
1508
3169
1815
3460
1443
3506
1733
2127
2647
3173
3059
2943
2175
1109
3018
3165
2213
1920
32
785
3464
2393
2684
1296
2720
3461
2730
2915
914
2583
3773
3696
746
618
620
3614
3095
1085
3385
3250
1573
3068
1083
514
1120
2328
2920
3522
3674
568
2745
1089
2682
413
790
795
511
535
3247
2427
3474
904
3848
1513
2166
2681
176
2792
1407
3841
1560
975
2949
1907
832
1282
2239
3934
2373
3154
1497
454
932
437
1116
2414
126
3558
2246
1975
3121
868
1779
1076
1111
2938
3980
1674
1846
63
3089
1008
220
1825
2582
539
350
3088
3124
2482
2766
3012
2748
2035
1149
1091
2241
1380
415
1668
3769
2883
1201
1847
332
2807
2375
1886
3918
541
459
3985
1952
1304
2236
1368
3327
3973
2857
1065
947
945
1929
441
3528
2086
1477
2491
926
3979
2594
1386
3051
3434
3758
3542
1544
3812
1788
2332
1398
3182
3046
745
2465
3302
1507
2249
1459
1783
2932
3737
2081
3235
621
2315
571
2476
2759
2858
3627
2927
1729
750
2198
14
1430
3329
882
3134
1947
1250
1385
206
2902
1299
1114
2176
3326
1960
383
2469
164
357
3077
3175
3064
1419
3611
2679
2337
2267
1342
2177
1355
608
2791
1902
1094
1130
3335
744
961
1275
3531
2383
1229
165
134
1818
3178
677
3071
89
3368
1215
1181
3604
1820
138
1629
2537
2703
1959
1829
1965
1932
2926
593
1826
3023
1636
1241
1405
1575
2977
3847
1799
890
3500
2281
3406
2104
1796
3919
2145
2742
1953
2725
1750
3410
2495
2519
2514
2731
611
2739
783
1737
3579
3281
3924
3138
3207
92
2724
2074
1802
2008
3549
3868
2487
1808
2709
234
1413
958
1805
3264
3256
2560
3392
3462
3272
3181
3791
1914
3236
3878
255
2049
3196
1937
2265
2916
2964
3951
2629
498
615
1189
1806
3371
968
2037
1538
3968
3785
1235
2054
78
1374
3274
981
3784
312
1182
436
380
1844
3858
1100
1660
159
3099
1712
2999
3149
536
3814
3040
2143
2430
1485
733
434
3212
2448
708
1752
395
314
305
3745
1175
1909
2080
2108
2295
1371
2607
3593
2508
59
3789
130
3879
3452
1351
119
2274
3233
1919
317
1162
983
286
787
917
1143
1983
2009
2380
2331
1478
3718
175
366
2540
2945
3307
2336
2091
2849
198
3563
516
3159
2553
2500
3708
786
2563
327
2001
1099
420
1763
3971
3436
2837
2017
2929
3575
3662
292
3131
3913
2675
864
3016
755
1995
82
2352
137
174
2595
3956
902
44
2398
2095
2851
2068
2261
811
532
2556
526
88
2399
1843
1576
3519
1695
1822
2605
2986
3654
597
3922
1140
300
2021
3291
1793
3947
3118
2914
705
398
1732
703
3112
1338
2705
486
3685
3157
587
1138
410
70
3815
2616
2733
1345
1887
3011
2045
3391
145
953
493
320
3957
2312
1635
401
2854
2530
1496
1606
37
2309
2094
2918
3513
3840
1923
1794
991
1474
1152
1782
2304
1383
2300
903
3137
706
1968
3
869
3445
519
3709
385
221
1084
3063
1315
2711
3202
576
307
3498
2368
2395
2649
1431
2072
879
1318
992
2694
1103
269
737
1579
1161
1578
3254
1823
2394
3669
1340
791
1708
2960
1251
2925
2896
1741
2502
2666
26
3537
1769
2586
802
2299
167
3297
671
3717
1465
2165
531
930
2415
3177
1005
3541
762
696
1074
1151
2651
184
3966
667
3119
1860
460
3065
1353
2106
3950
287
3381
218
1457
3061
3680
365
517
3043
3578
364
3143
1012
712
302
524
333
927
1645
2813
258
1491
1754
3646
874
2
2597
3174
1394
131
1984
2593
1670
1777
2291
1185
3167
1677
2409
1390
3711
3039
860
1264
1821
1589
2171
675
815
1347
3798
2248
359
3882
2067
1927
3033
2888
2678
2478
885
2585
2273
836
1480
3844
3512
3736
2984
2203
207
29
1917
1913
1561
3427
3811
3518
2911
1064
3160
842
3605
3989
3892
668
1687
335
1404
3316
2909
2156
3127
291
408
3502
2798
375
122
2523
3380
1738
1602
2197
761
1000
3418
2948
3927
3467
3597
1107
3846
3567
970
3793
2935
46
2210
3612
3489
2905
2884
3194
1053
2503
2578
1333
3813
2250
2696
793
2606
2306
3547
3651
1930
66
521
2180
2000
3576
3309
1858
3908
3463
1774
3453
3102
1177
1773
594
2501
2303
1755
1461
1969
3021
374
2749
2904
3248
1464
1377
1473
3444
2416
3130
1816
3655
326
2461
3211
3975
1026
488
757
39
376
2374
3607
2622
3653
3213
1271
2701
2988
356
1003
1168
1982
2817
2457
3171
3199
2723
642
654
372
1889
1092
1132
1689
1896
1233
632
2727
1382
3310
2551
1654
765
3245
700
3091
8
1330
1893
1542
515
1875
1869
2442
1231
3152
1607
453
924
2838
1972
1943
1939
2793
147
820
2289
886
2541
3382
3325
2773
2324
3062
3890
3843
3027
3357
2755
2372
200
1991
2437
3244
572
457
2648
3206
2092
772
3246
3776
318
3817
2734
2493
2005
2834
1462
2970
2247
57
894
2015
3635
2111
2870
1590
2580
715
1922
2667
2341
1327
2011
2753
2149
465
3035
3652
1680
2852
3317
2159
505
381
1435
281
2346
2942
852
977
3675
3699
1455
3700
148
2349
847
3943
3993
1878
2408
976
3657
1610
607
2910
1840
1690
1490
2893
1574
833
210
1348
1420
481
265
2625
3930
1686
2958
1628
3566
1707
3942
2518
3107
1956
1717
1226
2650
2707
85
2207
3786
2290
825
1222
3364
3379
767
417
624
2359
3704
113
1011
1941
3636
3431
3860
264
1652
3030
2882
3981
1832
3588
1010
2376
1862
2135
2708
2751
2075
853
2617
392
87
2396
16
2100
613
18
562
658
3677
2342
1667
2339
897
191
360
2511
393
3139
3569
2591
3192
3490
605
2557
1488
2881
331
103
2063
1797
1691
936
2065
2477
3486
2216
2470
31
3066
883
955
807
803
3747
3591
2526
3676
3665
999
2795
2831
3409
661
3923
229
1029
3457
3324
2874
1789
370
2997
3284
242
2660
3218
1768
940
2319
1171
2869
2048
1601
422
2466
3534
2456
730
2998
1666
939
2546
480
974
1676
3093
2845
3582
3195
2208
599
1469
9
1040
3374
180
3070
1747
3125
1139
3365
1261
142
1481
351
61
2954
1836
1438
2454
533
2084
2566
425
2719
490
3311
3000
213
2453
1584
887
3887
1042
527
2407
2505
3639
3353
3721
2238
3667
1532
3147
3198
3242
354
838
2662
2536
2411
3229
1344
2762
716
501
1648
2425
2479
633
3312
2181
728
3990
1156
984
3094
577
101
1260
713
382
1620
261
76
2023
698
3792
1555
817
156
3998
1311
548
3101
1581
1121
2575
1119
1286
3691
1562
1411
3520
1612
3320
51
3744
1649
3727
2222
3589
2592
2042
2867
2426
2637
2900
2652
1735
1894
2944
2252
1528
379
606
2602
248
1640
158
2030
3702
876
714
2271
3227
3492
171
771
2611
2163
3688
75
3072
3762
2417
83
424
3113
1329
1558
3873
2527
449
2206
189
950
2761
1346
2360
378
1217
1289
861
1027
1709
1483
2726
1272
556
2550
2243
2441
2340
2164
1587
430
3999
1669
3286
1082
1170
1638
3810
722
1432
3523
1910
1554
140
704
3562
3822
2921
3720
1081
640
893
3723
614
3153
3292
3450
2771
2468
2832
3100
1401
3096
792
639
800
1366
484
653
397
1537
95
2263
96
1165
3197
2056
2121
545
1190
3290
1186
2520
801
2317
1173
98
2126
1568
2153
2644
1617
118
3215
2192
1766
2946
1037
2130
3565
3772
2952
3839
228
573
2004
909
2006
742
510
1570
1518
456
1313
1343
1202
1785
3417
2810
2824
2490
3959
2654
687
340
3222
3004
2305
3987
2230
3710
2572
362
387
1124
2680
1711
1539
1786
1614
1623
2515
1195
3866
3104
2664
3424
3073
3539
781
507
528
2802
3210
929
3142
1232
2776
2912
2308
1339
3082
3765
1770
3608
3658
54
3010
2150
1075
1308
296
2601
3015
475
662
2223
349
2899
1059
3828
1270
3834
898
2780
906
1685
1756
3799
2718
3570
2768
2139
540
2510
1196
3880
3363
2406
55
2212
195
2019
1693
3739
478
1835
7
794
1661
3234
3394
3238
550
3150
1771
764
3643
530
1035
3341
2186
1647
3376
1800
747
3876
3618
513
1865
2313
1273
1653
3419
1924
2623
2449
1453
3888
1963
2302
863
3456
1326
748
1115
1240
1025
1849
2517
3946
2286
2805
2603
3715
3404
966
3865
2190
2584
2413
1426
1845
1657
323
3619
3128
43
1522
595
3625
1365
1263
1058
2293
1993
1323
732
2043
1017
183
672
2564
2387
2475
1118
3952
386
3420
1060
2570
3129
2951
2819
971
1285
3120
664
432
3663
3047
56
3742
1879
1798
3713
2549
2217
1021
3349
487
1294
2756
1791
2631
3837
2316
1150
1642
759
2827
1885
998
2772
1364
969
1359
2382
1178
2471
2558
552
3724
3983
3421
901
1694
301
1540
627
3869
80
3551
2670
2993
3777
1748
2528
2266
1559
3645
3917
3976
2980
2219
2377
601
777
462
1187
3459
1631
3872
1567
2183
2693
1136
1506
3375
3564
1096
3223
3992
1701
1751
848
3106
10
3343
3426
3907
871
3318
631
993
2862
3536
1297
3416
162
90
1258
740
564
1458
2624
3855
2088
3221
3731
1903
2639
128
934
3690
2003
3748
3393
1117
1131
3369
3386
2692
1238
3854
472
3781
666
3800
1325
3527
2187
3480
2618
1940
1449
937
3671
204
2754
651
3228
2687
2972
2400
2863
1006
3314
115
3538
1564
149
2169
1811
957
2146
1723
2014
1352
1378
4
3899
464
3224
1548
3881
2941
2189
1087
2976
3552
2105
721
2179
688
2443
1883
3664
1514
559
875
2070
117
216
224
1257
2747
497
3060
1227
652
1679
2956
1726
177
12
343
3278
1442
3270
789
461
3583
1007
3894
3603
554
2363
2314
2082
2565
2825
1888
477
3741
3707
1234
543
2669
1998
237
1057
494
829
935
504
923
2102
1926
549
2124
3515
682
3013
1746
1868
2581
1517
2046
1979
2204
1415
2099
2058
3471
1550
1440
3209
2405
1819
72
2474
3414
232
1814
797
1608
2066
3481
1582
121
1050
3692
2185
3268
3239
1002
3561
1055
1324
1515
1078
1019
1427
1066
1163
2022
1424
1088
1659
1154
3370
3545
2892
1128
1475
2769
3019
1925
1321
3305
3524
319
1931
2828
3275
1864
1583
3287
862
1974
2444
3694
3163
2154
2859
3505
2310
1502
197
1699
2538
1613
628
1566
2971
1854
834
1546
2833
1198
3345
3640
97
2967
1038
3449
3624
1600
1557
1423
3005
447
2677
3510
2947
3897
2052
178
670
1841
3870
589
1716
2975
920
3331
3001
2567
2113
1418
3496
1292
3832
3216
659
2959
1095
2224
3911
3397
3435
1881
2388
1172
146
3455
1155
680
1745
523
2516
3761
2939
3780
352
251
247
1080
3994
1363
3454
338
201
841
3367
2158
2404
691
2428
3714
2610
3595
2463
3706
107
3226
168
1354
3516
1219
1824
2744
3543
3187
3408
141
3428
1403
143
2844
1683
407
2128
169
2116
2620
2898
1987
3829
2064
3176
3285
2193
2057
1301
3661
2818
1593
108
2447
1664
3507
344
2826
3759
892
1360
1904
161
1944
1713
3203
2794
2209
717
1734
3962
1978
913
581
2806
756
42
3842
2989
3805
2450
818
1126
3261
1071
1236
2142
3622
2931
3080
912
2096
2531
1255
2381
2873
2018
1441
2775
2496
2504
3808
1376
205
388
2215
310
236
321
2432
835
2822
489
997
3032
3279
3508
3422
899
341
1489
938
3735
2195
3028
1838
2608
1041
1530
358
3632
2506
3697
212
1144
555
2148
2638
3816
2987
58
2338
3476
1724
308
1334
3263
2736
3978
1213
2436
1594
3390
81
2835
1137
681
3590
2659
563
1253
3114
3017
1300
288
982
271
3076
2226
1224
3189
3920
1728
1992
3732
2875
1476
1504
3856
36
135
2552
1332
2789
2940
254
3556
306
1543
1569
2839
1291
2433
1317
3191
619
1068
3613
949
1643
2886
2255
2292
2846
2908
1265
1439
1133
2990
3673
1901
3429
3219
644
649
2083
1571
826
565
980
1200
689
2162
3442
1848
3266
1125
2788
2533
1486
2587
2598
2522
294
2645
858
3108
2658
2129
1970
3821
3820
2704
3044
1760
626
844
1618
3969
2421
3323
2202
2554
1520
3656
2765
2812
2576
433
2830
1127
243
731
635
3807
412
884
1248
828
2390
1577
2786
330
368
65
3135
1322
3133
840
941
1973
2294
3332
2093
2401
2384
1392
3172
2878
3055
2809
2717
1719
2657
2201
426
48
2366
226
3906
3932
2661
3295
2953
309
3929
3749
2269
3156
1221
2136
2853
21
1899
1487
896
1223
1730
578
2134
3260
855
1320
2364
1792
2322
20
114
3936
1463
3560
1790
1977
1305
3963
1358
3084
1167
2735
24
3123
2877
289
3485
152
3684
928
390
2757
154
1180
469
2985
3115
3937
822
986
1159
2656
2643
170
770
1061
3336
1210
743
2961
2410
2996
34
2614
3938
2801
2797
3921
3056
3085
404
2231
1598
1787
3853
2458
1312
2973
3864
3585
1086
2147
1031
1891
2151
3787
1016
1523
3598
1866
102
567
3801
1259
3484
1410
1245
2695
3601
1290
2367
1596
279
3403
870
799
778
1302
427
1013
3672
2930
3259
2489
3042
2978
35
2233
297
277
895
3954
2907
259
249
1106
270
2743
3648
2688
2262
1637
1949
1350
2702
3939
215
726
782
1807
3997
3901
1795
252
964
3592
285
656
1715
1225
217
1
1906
3081
3637
3052
245
1396
3373
3478
3255
2712
3825
1853
1740
2259
11
2982
1416
1388
3705
3756
2110
3458
3995
1775
3902
3949
768
769
3751
3087
634
3348
2029
3337
684
2200
2861
3220
646
988
187
544
1990
421
1192
673
93
41
2738
881
181
3599
3746
3304
520
3140
3413
3354
2307
3283
3400
1428
3262
1230
1966
3683
1721
1758
538
3686
1585
3679
3170
2227
1762
1471
1553
192
363
74
316
123
648
2612
3764
1110
1781
3372
256
2673
400
1256
3438
810
723
2994
1252
3553
850
414
391
1157
2815
846
1105
951
1204
1697
1284
3752
239
3722
3574
1722
1986
1237
546
2632
2002
3859
2462
1295
2132
1303
3797
669
2438
222
1384
776
1626
68
2848
2420
3045
1274
1166
2050
1141
2698
86
3483
452
450
2240
857
3166
3079
3948
2770
3437
2634
1955
812
575
2706
3315
1254
987
470
1967
3499
3378
3944
518
616
2890
2356
1739
749
766
2590
1262
3824
2811
3895
1319
3280
2521
603
2334
1857
2242
972
2880
3294
3296
257
2277
1409
3774
1194
2963
1804
610
962
3276
798
2229
1482
2924
1837
1556
2047
3319
2155
2115
2641
3446
1890
3960
2685
948
1205
67
2750
1164
2097
2060
1839
2573
496
3098
831
1872
1036
3631
645
280
455
1898
978
727
233
2885
1948
979
1495
2561
3642
2483
1393
2689
3475
2545
3477
1597
499
1533
3916
2604
2779
2435
2079
1183
3479
3532
823
3074
2473
3630
2596
1994
3441
3340
3401
657
2790
3889
290
1621
1962
1387
274
275
2919
428
112
965
2872
2579
702
225
3258
814
416
3915
774
3473
1145
3024
2103
353
3293
1921
3861
856
2894
2232
1831
617
1521
2728
3168
2808
2992
553
3925
2089
2351
483
203
2962
62
1112
2507
542
1278
960
411
3048
1646
443
3036
1122
3423
2032
3116
3548
1211
816
3763
3689
3469
3299
2866
1188
2278
873
3606
2253
3775
3097
2178
1015
1710
3497
1599
683
773
1434
725
851
3179
867
1535
219
3321
3472
2821
3347
405
1900
1565
3026
735
160
2107
467
3753
2968
2140
3904
1859
419
1692
1541
2803
3660
193
163
451
3141
3620
1381
1572
566
3835
1524
17
444
129
1445
637
629
2020
3384
2040
1129
561
3049
3687
3443
2889
2012
1493
1247
241
1337
2258
1369
399
2199
153
1850
246
1971
3415
1362
60
1985
3190
1639
2272
2101
1470
27
1467
3103
3734
1696
2955
1552
3573
438
967
1580
1022
2131
686
694
2370
720
1293
3252
105
697
3621
1988
3788
1447
2168
3491
1034
2700
2071
1512
94
3249
3342
2655
2897
1588
240
2358
377
1905
2841
3313
551
872
1047
2327
2871
1336
2492
3145
284
22
5
2539
3054
2205
2087
2355
1276
3240
2391
1749
3804
2860
3701
2044
3038
3668
2118
1534
1397
1043
2459
3695
739
2397
752
2758
1281
905
3823
3126
1206
1023
859
751
1279
3796
1448
2816
2856
3029
3086
347
3277
3778
2760
1494
2167
2923
2928
3945
1942
784
260
2683
943
3350
2864
3909
3208
1158
3253
2053
3726
692
724
3185
3626
2026
2311
71
1861
1827
3338
111
3020
30
139
1810
227
2494
334
808
3986
2007
1946
1104
2078
3729
522
2133
384
3716
3470
1759
3712
609
3555
3891
2690
1153
1425
796
1389
491
2627
711
3958
3083
196
3877
3155
1468
685
2764
223
1239
3533
2668
482
3495
1641
3581
3334
2569
942
151
409
3361
3903
586
1045
1372
2671
2814
821
916
2713
2288
3771
1501
1160
2431
367
1536
2729
2630
2740
1306
1269
1703
3634
1767
3941
560
190
1208
2589
1429
3719
446
1391
3529
1335
1174
2412
2211
473
1375
729
1079
3430
2548
1531
1123
3188
1644
3186
1547
1871
325
2741
1980
3360
3144
3366
2686
630
2157
3883
458
1656
2034
690
1586
591
2365
3231
3896
3730
2525
3517
3352
463
268
1698
2513
2357
2842
2061
1147
1863
435
3544
1935
396
2287
1370
2283
2836
1169
3641
674
3267
4000
2917
1895
3184
2559
125
1989
2345
3912
3399
2343
1957
1246
1316
2218
963
3633
679
3078
2767
3849
3358
3988
2633
2665
1938
3282
3838
3025
1545
1527
3755
3008
173
2781
760
79
3831
3871
253
1511
2626
1456
25
973
1199
3351
1287
843
3225
3389
3322
3146
2800
1928
2144
1298
3451
23
2386
3050
2562
1135
250
3535
590
3482
2532
3002
1309
1742
1288
2710
3587
1268
1867
1500
3845
3355
3819
1876
3333
2256
537
2991
763
3387
830
3362
3067
2777
3803
1214
492
809
3806
116
2038
373
854
1098
1108
3298
1472
907
2055
3760
839
741
1681
1492
2600
3164
3666
322
3465
3425
1209
1604
1412
1852
1744
3615
2161
2270
3022
1212
845
582
3910
2628
150
2752
1436
1228
339
946
3557
3928
3546
1870
2663
2298
3767
394
3886
231
579
500
529
3580
3964
1877
2934
2588
1624
2090
2440
2543
3396
1772
915
3900
471
1780
3402
1509
3494
3122
3559
109
2979
3006
1706
3009
663
3377
1451
1505
3117
891
1444
2498
3790
1516
273
2439
2784
3105
2141
3961
547
3940
3031
2282
2285
495
468
1446
2609
1616
2152
3967
3577
2073
2318
1828
701
2275
33
6
3514
1349
2062
278
2901
3571
230
127
3698
38
1874
1142
813
1718
622
2787
650
1503
2326
431
1101
2646
1727
2721
758
211
506
1067
2323
3328
3271
2024
911
3200
64
3649
2138
2472
132
1402
315
1918
1650
2098
2455
1216
2297
3346
3503
1809
3682
1632
28
1784
2344
3818
3905
956
1018
2722
214
2347
298
3638
1046
3857
2260
361
235
1009
1605
3926
1406
3161
3681
3111
1761
2936
1609
1908
2188
643
2041
3057
3600
3617
209
3875
3610
3053
2876
3982
311
1704
985
1077
1069
262
2122
1356
3525
1651
2642
3779
3833
1519
1249
3330
2484
1951
3984
99
1731
1417
3003
3288
3034
2119
2969
1851
2783
558
1051
1052
1549
3466
199
402
157
1976
3180
1367
1032
283
2109
2913
2613
2574
602
1684
2799
2716
2697
1700
3433
3526
3205
1961
1408
3863
3867
734
1595
2974
1933
1020
1916
3201
753
638
2027
1357
2069
933
40
3728
2362
3303
2348
2013
69
1510
445
3644
342
2732
442
47
324
2774
406
2235
3487
2036
888
1873
2330
1702
3628
2419
3306
3609
2782
1880
3768
1776
2635
1662
2957
3852
3301
2840
19
2509
2746
3862
3440
3109
1437
3623
779
1452
1341
2059
1243
1499
944
2804
2137
346
440
1028
3770
144
1658
3308
3836
2385
1280
106
2615
2737
1633
2379
3874
3933
2221
580
3766
124
3586
3991
3996
2676
995
3794
3584
3243
3356
1422
1778
2403
2160
1450
276
2254
1479
1688
1678
1400
3540
3193
389
1611
3757
49
1833
2196
133
479
1663
1044
954
3733
3158
600
583
754
303
3935
2039
3914
272
2191
1830
155
3851
1625
3974
827
502
2361
676
3955
466
2542
918
1915
2389
3530
2378
3659
1179
1244
3738
1996
2906
2325
3432
1764
3725
50
1655
2016
2480
3521
2452
3504
77
266
1934
1242
2535
2950
1004
570
3977
569
2544
1964
2485
1056
2112
2214
2264
3136
837
1148
660
3629
2981
267
3647
3572
2785
313
3795
3395
1460
3269
925
120
336
3300
1945
1193
3750
865
3509
1498
2937
1033
2547
1220
2028
1433
3550
585
3439
1884
3339
3405
989
2691
2674
2245
2321
371
3289
1218
355
3232
596
2887
110
612
1454
2636
908
3344
641
2051
1954
15
866
2699
1307
598
3802
3075
2125
3090
348
889
1801
