4385
2556
2932
3141
1721
3399
2757
2510
391
1370
2180
1997
3861
2969
1516
3884
4112
2032
2027
687
4654
274
4806
2330
2317
2170
476
3864
1952
2515
2686
2094
751
3556
207
4011
1331
4756
4474
2333
2016
1451
912
2499
1236
3364
2420
539
3392
1841
4163
1818
1733
3119
3191
2541
1094
1439
3798
3200
1713
1979
4235
101
3642
2249
3317
3881
2096
4980
1268
2711
2903
564
4786
3823
493
4585
4837
2382
2201
4640
4223
3781
3730
3893
1125
1699
3638
1226
149
2937
1074
522
75
914
4493
454
1551
3528
2144
4526
64
4253
175
2373
2001
322
47
3257
3214
3500
3115
3137
2508
445
237
985
4551
4561
2532
4969
2410
1833
954
4900
3488
4029
3825
2710
1292
2621
111
2261
3515
4918
4683
715
3208
2528
2974
2922
3678
4843
2054
1231
4598
4072
2893
4994
4341
4256
1009
4757
509
1517
1146
3780
3624
2035
4883
4943
1185
761
2421
2065
3965
2647
78
3575
3966
3132
1975
4625
4000
4954
1884
729
4038
3038
1824
3762
2221
3947
1633
3840
3040
2987
787
1227
3122
865
2307
2965
4912
4614
3369
4063
181
3894
4217
4823
4008
3976
885
3192
2280
1066
610
798
658
1558
1559
2506
892
2365
2157
2522
3209
4536
4202
586
40
3590
997
4908
3001
4746
1639
1591
1275
1471
4417
3548
354
1828
2441
1690
3691
4916
3945
1586
2233
2740
646
3847
4655
4338
1752
4427
790
3259
1980
1159
221
3870
2123
4019
244
222
3706
2547
2678
589
3595
2576
1229
4575
2272
2892
4193
776
2319
3979
3098
2736
4871
2033
3735
234
552
3381
4059
4145
4
1892
4802
4242
4923
3711
3185
1359
1802
4590
2743
2061
1438
4430
601
3057
3404
678
3791
1973
2285
3989
1982
4064
1392
2990
2600
2884
2085
3722
2683
1712
2909
4392
4373
2222
4123
362
3586
4400
3145
2805
3835
1894
3736
785
3785
4699
3535
2823
1665
1173
2526
4987
2140
3152
344
2263
991
4694
3827
972
1036
69
4109
4662
4651
455
3987
401
4077
5000
596
1629
49
1290
477
428
613
928
4104
911
2075
3526
1839
287
4623
4605
4248
2103
2778
4825
1487
155
377
2750
2731
2487
3354
2211
2453
672
2068
3607
4377
4287
4014
88
309
616
2826
3821
1643
71
4138
4016
1218
450
4142
4149
694
908
3303
3879
690
4947
4445
4128
1607
1054
3494
4879
1180
4070
2877
2031
3448
1160
2227
3165
920
2653
886
2973
1599
97
1720
4702
2490
1165
1415
4795
3167
2046
665
869
3302
1030
2972
4285
1486
1554
1305
131
2299
3455
2138
738
4826
484
293
4965
827
1827
1351
742
3498
726
4246
887
2429
3284
4259
3553
1640
4580
3349
961
1723
2449
4278
3411
1179
1078
3044
793
757
1405
4167
456
444
2929
1446
3801
4511
32
2886
1850
843
1149
2071
1465
440
1475
2182
2738
3507
4534
4882
2480
2028
4339
4337
2923
4932
258
2345
1364
3075
1347
2550
1071
529
1279
4945
4405
356
2951
2866
3562
3339
1946
921
1301
333
1413
3897
4015
1996
3904
1390
3445
1329
1057
4745
4054
3282
25
152
3856
4811
981
1061
1143
4201
1578
3716
2188
4874
1748
506
3136
2638
4834
3457
2282
217
4213
852
2475
2433
3043
4894
4103
3390
1539
1575
4781
1411
1800
3969
3206
4381
119
159
3310
427
1739
630
4092
606
2062
3401
4397
1870
4452
89
704
2039
1425
2855
3126
4926
95
3357
1324
4488
1693
4404
137
3708
4005
3836
2857
2536
3688
1335
3243
4031
2154
4935
4032
1053
982
3329
4520
4815
3692
1883
4006
3014
4192
3587
4358
407
2976
683
1564
669
3963
848
1654
3451
4390
4584
3197
3395
4299
109
1848
1181
3042
4986
4482
3765
4944
1161
107
4095
4959
3859
755
2835
523
1461
73
2570
3495
858
3996
130
473
813
4886
3032
4805
1760
1825
918
446
1338
2604
3787
3999
4323
2059
464
4557
2357
3239
3037
847
1069
3605
3545
4274
3041
263
1687
3179
4313
4860
243
2948
1251
4066
3189
2265
4624
3863
2361
3626
4914
1830
3337
458
558
3355
2640
2706
2204
1440
1994
1075
3107
4226
763
2379
1970
3470
4356
3773
3778
99
15
2268
2229
1442
197
867
980
973
51
1212
52
1877
4776
3529
2868
4268
784
4252
2796
2394
2871
4596
2040
4307
4423
3834
4841
3140
2739
1463
4161
2010
4383
876
3051
3000
3238
688
4936
3086
3412
642
3187
3932
4512
4290
195
2167
2025
4613
2191
4664
580
3973
3237
2178
1302
2463
1692
1676
3580
2831
1174
536
2247
2991
1200
1012
1031
3648
21
3029
2545
568
1902
383
4197
3955
3560
2101
1323
80
1151
3741
3899
2090
1854
2565
4801
4184
3855
957
1983
1707
453
2356
540
4208
2011
2141
196
2977
4607
3171
3991
712
546
128
4646
2118
4950
2716
399
1651
3902
158
894
1705
3010
2328
1927
674
3740
102
4981
4967
204
1513
4464
4166
3081
584
862
3953
2228
2677
4985
2761
526
2742
303
400
1122
1334
2008
2450
3671
369
2713
4420
4025
999
2754
955
1527
4207
2212
2126
942
2363
2366
3766
4951
210
2451
2337
3024
4499
3328
2613
2501
4079
387
3761
192
1079
871
2274
2378
2596
524
4845
2698
2904
1811
1039
2920
2405
2955
2104
519
1391
4151
2954
4993
4113
3687
4137
2200
2236
3279
4422
1528
2564
23
2930
366
2832
4659
2436
2468
930
2906
4532
1265
652
4298
1832
424
838
3994
1309
2461
3511
227
2251
2756
3023
4435
3584
766
148
4545
4261
1673
3982
3577
2082
2620
1714
537
2078
1876
627
279
3319
4454
4389
4844
822
1874
2431
1895
1716
260
4767
1505
2318
720
4159
63
4335
1717
2798
3743
1383
789
4639
4867
927
1702
2181
1038
1168
62
2270
1249
2637
1035
2788
116
1669
1294
2715
4300
1284
3988
3774
182
283
2509
3566
2675
1518
4725
3093
2306
4697
140
167
74
2703
3483
3813
1456
2697
4814
3124
200
4729
639
2787
1020
4600
2523
1271
3952
4221
4257
603
2004
1710
2086
373
856
4375
350
1709
1642
769
971
3275
1130
4899
3990
215
907
3889
1352
2102
4402
2434
2264
590
1372
2980
1781
4824
2077
2695
3637
1788
4030
1183
151
3015
2262
1431
4255
3582
3792
3964
1869
4963
4966
4466
3220
2672
375
3471
1808
3923
874
4739
3962
3475
2237
1145
3541
770
77
4595
1243
1758
799
2372
474
2438
431
1592
2053
346
1583
3754
2120
4669
2837
594
1142
2559
1393
4090
3277
2339
3508
2894
1857
395
2486
4489
105
4555
3723
3970
1543
4199
4885
3803
3248
3068
1269
332
544
3203
2879
4297
2413
371
1885
3536
1635
430
216
4024
4571
940
1288
1489
855
958
4116
779
1644
4673
808
3665
3088
3211
4724
2804
1696
1531
3432
1878
2093
4227
2569
367
948
1244
1365
312
2439
4068
2189
1682
4469
4730
4627
3585
830
2645
4396
1636
2896
4003
701
2981
1919
4618
2243
186
1632
4218
4754
340
583
429
382
3830
3540
1316
1735
3388
1144
2919
3
2663
4412
550
2538
833
872
1999
1519
4902
1565
3318
2442
2257
2511
4013
3649
3614
2540
4514
4907
1890
4442
1836
2727
944
705
4504
3632
3603
1502
4272
4749
4238
2060
416
106
4017
2650
3609
1863
1522
1417
3802
803
1050
1507
2794
4492
4231
225
4865
103
4187
561
809
3833
3461
4451
1239
1088
3534
2822
2208
4264
3281
248
3905
2146
612
2816
4160
2945
1479
3241
3497
3924
4523
4459
1295
1322
3519
4062
4709
1732
1995
3912
4961
4293
1835
527
2240
1484
3173
4984
3695
3443
4747
4369
1207
4680
1882
2747
3216
1906
4012
1645
775
4408
162
85
3050
792
4770
1803
3920
1684
3729
61
2841
1924
1655
3453
4041
3061
3046
2254
3102
1096
378
1444
2682
3130
1762
2248
695
2767
2342
4075
797
1953
4106
1330
3657
2646
926
559
3452
2542
3789
4155
1467
4846
2340
3615
3320
4991
4051
2459
1829
1904
2685
1177
4568
321
3439
4768
2321
3002
863
226
1626
2575
3583
66
4855
3819
3670
2726
3542
370
2023
2933
2911
3718
3434
2129
651
4228
888
3129
3333
3465
2633
3264
4037
2045
4333
3592
593
1209
1108
4920
1785
1805
1579
4915
922
3266
3133
3147
3746
3699
1399
4028
1318
4870
67
4436
1503
3666
2343
2913
3181
1158
3974
4215
1779
1544
393
4736
2551
2113
2722
2297
577
4316
3459
209
3454
3489
2801
3146
1740
2670
3828
4556
4468
3646
2943
1473
3940
645
2772
3371
1638
4485
4191
3479
125
4953
4864
4522
960
574
739
1915
4800
4925
3689
1861
1862
3299
3406
2968
57
2391
1889
2595
4663
2015
3984
3156
4317
3907
4021
2279
2445
4603
1819
1423
4282
394
818
2259
4989
1742
3143
3168
284
1492
696
1501
3228
3900
3679
3393
834
631
2064
1176
1648
3786
1837
3627
3304
2125
3367
3352
1276
313
3370
3047
3481
773
3654
4611
3517
1875
2635
3193
1103
4538
2430
3578
3230
4630
1741
3379
3252
320
3805
3316
1215
3933
1435
3753
3100
410
919
3685
2838
560
2768
1537
4650
4366
4018
2409
1764
3846
2389
4262
3163
276
736
4069
1355
2769
161
986
2800
632
1339
480
2159
2164
975
3957
2358
1076
2432
3074
1524
33
2133
2332
498
1867
3108
1814
239
2971
4617
3109
2162
640
4411
4715
2037
3078
1191
2112
2036
376
4244
1072
3793
2512
4365
1247
3305
1232
4448
2979
146
614
2661
2574
3669
2176
2660
3397
3076
1206
4334
365
4956
1789
2684
245
3236
3887
1611
2469
4842
2336
300
1738
1664
1188
504
3961
4175
4195
2953
451
1509
1834
2725
3231
3619
4360
913
2656
545
2944
4131
2751
2350
4336
141
1981
3589
4462
4988
3559
1381
1042
4158
1235
120
1068
3644
1412
816
3555
4671
4765
494
3011
4490
605
1480
2543
3997
1378
3936
3097
2267
1493
1140
4889
2220
2440
2244
3188
3336
3183
3408
1064
2888
264
3748
2419
2428
3106
699
2741
1095
4033
774
881
2185
2132
2057
3164
4139
902
4753
1641
2666
3493
1014
3843
299
513
807
2291
1261
2552
1139
38
2456
3514
3764
4129
4848
4398
3295
4610
638
570
100
341
673
2214
16
3697
1172
118
4288
3223
1458
3601
3436
3346
1536
3815
4078
1073
3903
3294
76
4026
486
1859
291
1749
1135
4450
1949
1369
1420
4740
4831
2326
3162
4546
1152
765
1553
1795
2425
3416
910
2278
2003
3504
3463
4467
1401
495
732
4004
17
4194
1593
2500
2624
1154
2386
4480
4893
4039
2497
3151
1525
1662
153
4731
1021
3065
2594
1426
1195
1912
3629
3993
347
1594
1984
4424
2288
2887
1
510
3049
4046
1777
3492
2900
1530
2737
1123
4391
133
1977
2983
730
19
84
3977
4085
4712
3007
4237
2179
1015
249
2492
4505
2671
2867
3229
3148
1853
2519
1845
1538
2083
2151
898
3313
468
2586
3291
3249
4733
4875
4779
660
1776
2106
1701
1668
1312
4962
469
3419
156
2066
3757
2
3574
4050
1584
534
2207
931
242
1695
2494
4045
4637
724
824
2232
4324
625
4548
1964
916
4205
3869
98
31
2217
3195
1356
1916
2097
2657
2995
780
1615
2846
3484
2786
1348
3428
1362
4838
3712
567
2691
3269
2392
3713
4656
1357
1084
3918
2878
4566
571
452
743
3273
1340
1666
895
2021
3551
4233
2851
1175
277
4174
4410
2238
4478
624
492
2403
1661
1027
359
3871
3201
2941
2418
1214
4179
4649
3531
4001
4711
2734
4897
1320
2460
1533
3844
1755
4604
3763
1658
4386
3472
317
2627
4020
2899
551
4608
1974
1434
4634
2834
1901
4027
2578
4797
2048
2491
2026
3426
409
92
1998
795
1345
3142
4861
4588
1211
3268
1866
471
1628
3091
703
3332
993
4868
2931
2324
3477
3157
837
1950
3090
420
2818
3111
229
3082
286
2915
4222
1286
3118
511
2472
211
2087
1257
1753
2269
1006
1193
3414
3374
4667
1287
2814
582
3253
3085
3378
4679
3777
3728
3898
483
1783
1132
2014
1813
3219
3726
1569
1928
488
4229
3474
2371
3530
4972
1521
3368
4558
2829
2998
3110
3476
3423
4130
718
2676
3811
1656
1081
3365
168
3677
2348
3771
1113
1604
1771
35
433
3227
1090
1184
4249
4888
1107
3288
3307
1450
3104
3325
4597
487
4171
2862
1277
3516
3022
2957
3866
3640
692
1427
1414
2752
1196
1930
1192
232
4477
512
4186
2524
4941
4247
4809
268
236
3998
2810
4792
3733
3561
2470
502
3485
2374
4267
3948
2748
3934
285
2537
3667
2607
924
1325
3063
4022
4266
4494
1515
1003
228
521
1603
1225
3221
1353
4361
136
4784
2171
4484
4601
422
4938
901
1098
2803
4126
435
3841
4111
4810
3161
3025
2582
4042
3418
2250
4152
3394
2134
893
2689
2158
2924
2457
1111
250
3283
4707
3703
1773
1991
4403
4275
2679
4898
626
3386
2992
58
2051
4766
3935
2012
2234
2845
2362
2145
3342
485
4150
343
4678
3564
3886
3080
193
4721
1410
1374
414
205
3174
532
2527
4652
1849
877
4878
4395
507
2659
3664
1731
68
4708
3942
2614
2910
2603
4665
1549
3565
3696
2959
86
1454
142
1204
4700
3620
4510
252
4009
4896
3732
1046
4388
777
826
1574
4419
2766
2858
1350
2110
3652
1954
4096
3262
3812
804
2939
2006
4531
1433
319
3199
1552
1189
2782
2860
873
150
4048
3210
889
3158
1765
4183
1671
2488
4687
55
1133
388
3028
936
3127
306
2560
491
4820
4782
764
1540
4612
1300
1935
984
1137
2444
3880
2437
4911
3911
190
3816
1976
1718
2397
3334
3149
2471
3019
3361
4924
2821
4578
1616
4695
3242
2840
2812
996
14
3874
4239
1459
418
2108
3462
1686
3128
2883
3680
2139
3030
1448
1171
3636
3509
1677
1252
1571
2707
1989
104
3613
2172
3121
1468
4796
112
4933
3593
2177
2458
1840
2485
4690
218
3035
1704
3533
2811
294
547
1384
2359
1460
3326
4869
3207
3424
3759
1614
360
3301
3348
4726
629
4040
4296
801
890
3468
438
3784
2355
421
27
4822
2601
4301
4342
643
96
1126
4354
1918
939
351
1768
4198
4326
1737
4348
2498
714
4470
4887
1566
2024
870
2701
1147
273
735
3683
417
864
3558
4322
1534
3552
1722
4854
2644
1555
2733
3099
3755
2312
3623
4929
3650
3622
318
3719
30
1698
1000
2692
4559
213
1734
681
3725
1494
4190
1022
3810
4460
1617
1077
4872
1105
3641
241
3247
4439
4132
1807
791
2400
2852
1087
868
3873
4917
4957
4305
2641
1201
2473
2762
2503
1186
578
3006
4240
2994
3510
3077
2815
2147
1102
3941
4691
3878
315
374
3172
4901
50
634
1512
2673
3323
2702
4281
3499
3175
2548
1920
4219
4533
1703
1032
4582
4586
3403
3968
1844
3750
339
4057
686
2785
448
3951
4686
41
1747
4357
882
748
397
114
4245
1447
2563
4486
2615
1799
3338
3795
4550
3854
4429
3931
2354
3794
2561
4406
2975
2770
2546
2303
3693
1028
2880
817
2978
1590
3048
1361
2590
4880
4771
1114
1194
4476
3853
4340
2554
4727
3446
3701
2235
425
3092
3190
1931
2934
2555
2385
1943
4884
2007
768
3532
4560
849
254
647
3387
4093
1907
59
1663
1337
1847
2890
2885
530
2925
4311
4243
710
3760
18
964
1914
4273
169
3034
4455
875
2070
4565
1595
4034
4168
138
2281
3123
4755
4165
2719
595
2735
829
1605
3155
1725
3610
1380
3675
1430
3617
3845
3324
2717
4851
4303
3848
1377
4541
4635
4346
462
4321
1756
3818
1597
859
3375
4722
3567
3256
4752
2795
4457
3441
1541
1582
2608
4310
1843
767
2732
2665
348
3033
3359
296
4946
2322
1488
3053
1445
680
3975
3064
2905
591
1797
2013
693
337
2289
308
4849
1228
2364
983
4910
305
2507
1495
4540
1394
3366
4759
3244
42
2253
2416
554
1956
3832
3490
728
1101
4254
1508
1816
3004
4728
2848
836
72
166
426
2958
4793
3358
670
3888
2116
841
3502
1846
839
896
4433
4232
4449
3013
2092
2529
2583
4343
2836
381
1972
2567
4660
2964
328
246
3194
1726
516
4487
1163
1297
3327
2183
2618
2712
2105
1759
4497
949
1291
1416
2592
39
2622
3782
4491
2381
663
2599
3797
4547
659
861
1443
661
1025
4813
3527
4164
976
4960
1313
1366
4778
4328
4992
3263
2612
2927
3598
1210
2721
3385
1258
4209
323
3135
4905
219
1017
3659
657
2209
619
4188
1596
1744
4587
3876
756
3647
917
2966
4409
4689
295
1259
2876
1019
3890
1051
3628
618
845
2311
4970
3184
1308
4859
2572
1464
3177
2483
3768
1793
4058
4817
2517
1929
4384
4083
3059
2277
1389
139
3300
2202
2349
689
423
4393
2634
2549
1044
3246
2231
1609
1217
2988
3139
933
4542
1652
783
1881
675
719
4629
753
2210
548
2864
1937
1379
2351
2055
4345
2275
3449
1262
3520
2166
4414
3267
4370
3409
3286
4976
1104
1250
4351
1307
1205
3727
2533
1510
2009
3410
4812
2709
1625
821
4407
4544
581
3569
4964
1766
160
1089
3865
310
725
2226
3790
4147
2865
4850
4760
656
1055
2197
4589
3496
3020
282
857
4519
178
3009
828
2588
1728
1001
436
4563
2942
1921
4371
230
587
4833
4906
1376
157
4036
2114
289
2190
4076
3651
1490
2196
4127
2407
2325
288
3579
4777
4367
2783
2850
691
3271
1293
2111
1809
20
1327
1118
2293
4185
1694
4124
1462
3908
392
2215
952
650
3522
1960
3749
4172
2688
1216
4952
3506
3105
1478
3435
4344
2539
4157
2658
4173
3660
4622
2056
170
3594
1341
4573
2161
1706
1523
4101
1100
4276
4764
4761
2160
1306
261
3377
3896
2415
4503
1822
2908
4302
1969
3134
2313
1917
2928
2874
2448
3684
1002
4118
4734
2063
3804
1342
202
3591
4790
2632
2749
1719
1164
4495
977
2168
4688
621
3073
2668
4286
3852
3668
404
3272
1449
951
1532
184
1419
1388
3330
3943
3069
4852
3747
117
2175
3331
3415
3396
3783
1589
2098
2309
884
3234
349
528
4626
4082
1911
189
2465
1310
4265
2642
3196
1792
1062
3658
134
4506
3180
4579
1708
2466
1746
2875
29
1653
2462
361
2072
1780
1858
3568
2531
4458
3883
3469
4100
2242
500
4783
667
2038
2755
1767
1925
515
275
4939
145
2184
3939
1672
4940
1548
144
3350
8
255
666
514
3860
1947
203
4830
3807
3351
3384
4332
1985
3464
3018
3240
2525
3343
3353
4401
4461
1326
4044
2807
3826
3335
2746
4982
1395
3398
932
1938
1621
1409
3946
4698
3599
271
1598
4432
778
2219
4309
538
3345
1406
3311
1547
3788
4189
3466
585
752
1711
1386
3031
4735
4562
4529
3222
1469
4858
4352
3232
3682
37
2369
4431
1958
2996
122
3438
3925
2080
91
172
3985
4998
1321
3715
3523
1273
2562
3875
147
4084
4073
434
2907
3581
3089
54
2626
4866
3425
4791
3427
2982
2047
28
4434
2076
1220
4169
384
4374
174
2530
3938
2130
1421
3937
1757
508
1029
1761
2881
1052
4378
1978
2173
4260
364
4170
10
3698
1116
3734
814
2044
2401
4099
2789
2020
3117
1852
22
4347
2034
2455
4120
1675
3537
840
505
637
1106
2482
330
2142
2824
3265
750
2305
2591
4719
2316
1581
2344
5
3521
3250
3447
3635
2224
4053
1624
3653
943
2938
3959
194
2273
1208
164
46
4178
4829
1328
1886
1660
2213
4056
4049
1659
3251
4382
3372
1120
3321
1801
3389
3380
499
2155
938
82
1572
2331
3154
1499
572
1213
3204
2828
565
482
2495
4748
3376
402
307
1155
2000
600
1187
4119
2809
2266
1048
2921
2206
2298
2784
1298
363
2946
2853
496
1936
1040
3421
2764
4615
2370
1274
3012
1649
2484
2398
3087
2150
1751
1871
525
1961
4463
1241
835
1535
2728
4475
1562
4456
4928
4230
4507
1059
4569
2680
3752
4465
4798
1131
1299
4225
4399
3981
4181
2947
1910
1169
1838
959
1630
4148
2694
3186
3052
588
4211
2467
662
3927
3950
2699
3775
1923
4204
592
4271
1080
3058
745
4210
4772
2662
2088
2568
4948
3829
1470
173
543
1115
3383
94
2649
4714
4862
2842
3674
2360
1245
2940
4703
9
1743
2260
1422
4528
1667
4692
517
121
4513
290
4853
4047
832
4413
4913
3885
846
1730
2414
4738
962
2870
2999
744
2553
762
3066
3512
3456
3704
1432
825
3882
4609
3744
1333
358
1170
906
1887
4350
1860
3309
1497
3956
3633
3036
4840
2759
2949
2723
4978
2573
4330
257
1868
3170
2128
2320
1314
1482
866
2628
2246
326
4628
4067
3573
2993
3027
2557
3915
4856
4742
1085
823
3806
2705
1097
4631
353
2849
1831
2597
3572
2623
461
2729
3458
3347
4931
3008
198
2895
4909
713
1945
706
1926
4065
4701
2131
2820
636
4743
4527
2605
3919
4087
4643
3322
2049
3731
2058
1056
953
403
1375
575
1560
4236
1903
1587
2074
1037
599
3921
2950
4787
2760
3440
628
4681
4570
2073
4621
2558
4472
3606
3770
3112
2245
1678
4572
909
4446
2763
3779
677
1896
1086
3767
4525
3356
3280
4599
4710
329
4648
671
4819
1474
1007
987
1688
441
2617
4644
176
463
3213
4816
2404
2693
266
811
3546
3986
3067
2611
3289
2464
4973
4674
2152
4591
2730
3150
2813
3868
3072
903
183
2859
4200
3114
2544
4437
805
810
4177
398
2997
3929
1967
2872
460
945
4121
3198
4789
4043
2169
4312
562
4975
4508
2099
2018
3276
1992
3525
4684
2571
2619
1436
3373
760
1238
2897
3480
563
3686
2585
45
915
4091
1319
518
1900
233
1223
655
579
2830
2489
2610
1034
2891
2091
4658
1500
3949
2629
4306
2375
4530
240
129
970
3285
1260
649
633
3913
3056
475
2067
1577
1346
123
4368
4518
2873
2069
36
298
412
1263
759
1729
1202
2758
3261
185
4577
4251
3742
3849
4114
3169
2286
2107
1634
2863
1385
4670
4835
108
432
2153
1955
4094
3215
3473
1791
1506
2043
4294
4314
1769
2310
2380
3842
1063
70
990
3003
3710
2117
4564
4331
187
2452
2753
4214
3233
4517
1481
214
3758
201
466
1407
2654
2808
4877
390
727
900
231
1457
929
4325
3597
4919
2137
4002
4977
1010
4552
3916
4785
3720
1826
3308
1240
850
608
4289
4672
4553
2777
1568
4705
4234
1891
2898
3862
2284
3895
1631
1782
44
2353
1864
3858
781
2276
4320
782
3838
1899
2109
1681
3547
1888
447
269
576
1336
2186
2664
256
1940
4696
1278
411
2100
617
1253
4359
3103
380
1600
4937
1162
3630
860
26
3799
2687
966
3663
4535
615
796
946
3407
2580
3235
4576
1110
1099
1402
1141
3094
2029
815
549
623
2577
2962
3478
1608
1230
682
3260
4979
1093
6
4425
566
2839
4318
4277
1119
4308
2165
3608
4216
800
355
1606
3312
4502
878
2889
2630
1117
1455
259
1315
747
4996
335
3084
937
3639
4641
2651
3681
93
3176
1778
2081
2443
2843
2989
1203
4141
2516
3705
3166
2377
1070
442
1373
2967
3588
1360
272
4968
3287
1542
4125
1398
4657
4803
2935
2041
406
223
3645
3442
2089
2504
1550
1358
331
292
3503
3413
772
4471
1367
1150
3751
1933
1913
2255
3083
4291
3980
1237
4661
4997
3738
467
3769
3160
1242
4668
132
2396
1872
711
2606
1156
439
2681
1429
1674
3967
4372
4974
4567
697
4616
3625
24
4055
325
1016
2290
2329
449
3538
1689
883
1908
3039
709
4751
3571
4440
2295
1199
3344
4509
81
1724
897
4416
3596
3292
4415
3016
654
1898
2514
265
1810
2427
3360
4521
1083
2655
4088
733
622
3549
950
2136
4632
4921
3255
2674
3422
4136
1842
3420
1770
1787
1167
2005
607
1397
2861
110
4592
4153
2127
4284
3930
995
2827
1683
3724
1304
1602
2395
2195
1221
4930
2287
4500
4515
113
2970
4481
1987
3153
3714
4110
4180
235
334
4990
3702
465
3814
2426
2481
408
4645
2901
3226
4143
3293
1657
904
2292
247
3550
3159
1561
2223
2447
2844
3820
224
1546
989
1234
4619
4441
1387
65
4763
1013
2652
419
1264
794
2912
212
1408
3430
2084
1567
1697
740
3917
3245
2187
3776
1280
3661
4052
3745
1610
2667
1452
2135
1266
4642
3891
2960
357
3690
1224
1585
4421
3217
3600
2700
879
3602
853
3662
4827
4847
3055
1157
4713
2388
4444
1026
3971
143
3944
1182
1404
1282
4196
3005
3817
1880
4904
4135
2478
220
43
2143
4775
3314
4653
1700
2774
2383
676
238
3298
1968
758
1893
2986
2690
3872
1311
702
3017
3910
2521
1934
459
1472
2022
368
48
1024
2341
4942
1453
2625
2335
278
1349
935
1763
3482
2368
4876
2256
4647
4839
34
3131
3978
2704
2423
3928
4873
974
4602
1198
2718
1127
4723
3958
163
2095
4788
754
4762
1951
191
1963
2203
3486
3709
3315
535
352
1153
4836
1806
1957
1246
1166
1545
2744
1060
4704
4105
2218
4023
2408
4794
208
127
3867
1067
4479
4543
723
2030
3021
2502
4362
2917
206
1821
2402
372
3563
3772
2296
2477
4890
2446
3079
1851
2513
2745
4832
115
4606
2193
1965
2422
1148
1820
1798
2956
698
2963
1283
1437
842
2593
2019
1008
4732
1491
1905
3877
1736
3554
2334
1477
4080
1344
314
4355
1045
1588
311
3992
1267
2496
4955
3513
1580
4685
1691
978
4666
2799
4682
4315
1112
3631
280
1727
2724
4958
4927
262
304
490
2216
771
4496
2367
4676
389
3491
994
2639
4144
1772
1332
1371
180
925
1254
2961
531
2669
2505
3202
557
154
2194
2205
2609
2584
2424
2241
1526
457
2643
297
2952
3400
1256
4007
2399
717
4263
1971
1004
4086
1281
2589
3922
4769
379
1784
4949
2225
1647
3437
3837
1897
2936
2648
4750
2797
3501
188
4971
4554
3643
1129
2856
3218
301
324
4089
1272
1570
947
3721
3672
4804
2776
56
4283
4122
1622
4473
1529
556
2122
4903
1715
2790
2534
2301
844
4758
1786
700
4220
405
1428
802
2079
891
819
3460
3926
4581
668
1679
327
3290
2315
4594
4934
3717
2323
520
3914
2902
905
2817
3857
2581
2518
1612
969
3144
3382
1033
1745
1363
4380
4483
413
3809
4133
1403
851
2493
4895
1942
4319
3676
1396
11
2148
2302
2780
3467
2352
2916
4999
1058
684
4693
4706
478
4716
135
1812
3972
4379
3178
338
788
443
281
3487
3796
2124
1511
1520
1041
13
3739
1065
553
4828
716
2720
3071
4241
541
3737
2474
1650
3138
4447
4799
641
3604
126
4524
3274
270
1986
2239
3808
3026
3822
1303
2387
4620
3656
3824
2304
4182
741
2300
3224
2149
4061
501
489
2338
3611
4891
3901
1504
4633
1049
749
3557
4821
1962
722
4677
1685
2791
4773
3062
3433
3095
679
3113
2393
1909
2566
1082
2115
3417
503
1670
1092
968
4102
1514
2779
1222
609
2435
3616
4807
4549
988
2587
3225
4140
1138
1573
3960
2631
3278
4081
854
4453
4353
3576
4718
635
806
4071
2535
2230
4364
1774
3544
3851
437
1750
165
2406
2616
2042
3212
4537
4292
4176
3306
941
2636
3694
4741
4074
1873
707
3539
1556
3429
470
3182
4881
1270
4720
4983
2602
3673
3906
4387
2258
4295
3655
4212
2327
1005
1879
4593
3341
3450
2314
1197
604
2847
3800
1754
3258
2121
79
2199
1121
1856
1680
1128
2708
1855
2156
3543
3570
1563
4863
1382
4818
1775
746
4329
4010
3995
4394
1483
415
3621
1496
1557
2163
820
812
4498
721
2198
4035
90
2869
4744
2002
2918
1485
1296
4107
4060
3101
3270
4774
2914
1627
179
664
899
573
3402
965
1343
4162
1289
1637
385
4675
1011
2479
685
979
3116
267
737
1944
4737
3060
1794
2294
4636
1233
3296
3096
1023
251
4349
648
963
3431
1613
1618
1255
2252
1136
4250
3518
2781
2119
3839
87
345
1498
3362
2714
3618
1939
1922
1368
611
998
1993
2050
2854
3340
3120
3954
1018
542
1109
3634
12
2346
336
731
316
4418
1619
1285
1424
481
4203
1620
1646
2806
934
1354
2882
2052
3297
4098
956
177
2476
1248
4097
2308
533
4258
4995
479
2775
3070
1865
2390
472
2833
2598
831
4574
1623
4224
3391
2926
4117
4922
3444
497
708
880
2792
83
4154
786
3505
4270
992
2793
2174
1796
4428
1990
1466
2192
4638
53
2802
2520
2384
3909
3831
2417
597
3850
2771
1804
1988
598
4516
4108
1043
569
60
2825
1601
4304
3054
3045
4539
967
2985
3700
4583
2283
2271
4857
2411
1576
2984
1823
4269
2819
3524
644
1400
4892
4501
3363
1091
171
4146
1815
4280
1190
3405
1817
4426
1418
1790
124
4376
1932
2412
3707
4780
602
2347
923
3756
2017
1219
302
4717
1124
4134
1941
396
1134
3254
1441
1948
3125
2579
199
342
253
3205
2773
386
1047
1317
3892
4443
555
4363
2376
4808
3612
1966
2696
4115
4327
4156
734
4438
653
1476
2454
3983
7
2765
620
1178
4279
1959
4206
