4017
3138
5519
857
4849
5714
2300
4882
5393
2126
3748
415
891
2041
2587
4314
4776
4750
1952
515
5420
4871
5951
2533
483
3664
2630
4743
2830
5206
4280
4601
5482
1417
2670
2676
3287
1333
728
4389
2929
4798
4804
3168
4474
2068
4528
787
4445
4184
308
1143
3943
1432
2047
3371
5780
5089
622
3257
2615
1357
2165
4719
5058
2870
4603
5614
4912
322
1701
1338
1720
3475
4818
5963
5540
5433
3360
2283
3917
3456
3607
364
1209
2279
3967
3167
2707
54
3620
2311
757
5173
126
4606
3966
521
4264
5196
4194
1394
2725
18
5192
1115
4844
1328
3417
2251
4796
236
5460
1848
4647
653
3415
3358
248
5249
1760
4921
245
1597
969
3863
3394
107
5408
227
3600
3572
5808
1497
4401
4513
3733
2816
5645
2053
3906
337
2281
5839
1102
3562
1956
5015
1750
5133
1605
3375
5689
5080
5243
5281
4061
432
3431
5074
299
1762
2216
4894
5524
5902
564
2924
5480
1558
3632
1026
1096
1230
1937
1367
1271
3448
1489
5694
5421
1529
3675
3699
4411
5935
2244
1903
5982
1764
4422
3249
2798
3187
598
1250
3267
3502
4883
1970
1786
2580
3741
2680
4373
1399
39
3523
751
4615
4596
5337
2934
1462
5278
4249
4251
4619
1978
408
329
3747
5329
294
4412
2799
2489
3725
4464
63
4811
4753
3073
3103
5066
2014
1021
4197
3406
161
373
5731
4562
2385
821
3983
3362
4107
5971
2882
328
4608
133
5548
4385
1392
3700
4630
2528
2820
3096
2478
5895
1254
4191
4706
5956
3331
3427
5772
4026
1467
3206
1443
98
5407
4614
4082
2474
5687
5227
1666
2609
2061
4758
2448
4970
4941
529
3463
5442
4980
3874
209
212
1649
799
2154
3219
4190
4171
3129
1790
3982
4200
3423
4170
524
2439
1165
1291
3991
4981
3330
4680
902
266
1928
4548
5991
3225
2909
2605
5169
973
1361
5332
425
3960
172
4121
2560
4480
5265
4346
5470
5814
2445
2880
2391
4920
4858
862
1106
4806
4865
4829
3453
1806
45
5913
292
4229
2277
2361
4629
1662
5568
5414
1757
1105
1148
3787
5083
1261
5021
5231
3672
836
2901
2776
3825
2984
2146
1414
1253
2754
5415
398
4002
1912
3965
3191
4452
220
5628
1197
4380
1829
1490
4866
4835
2093
3434
5884
940
795
2181
186
3087
356
1763
1175
2552
2276
4889
822
5223
1785
1430
4162
5605
3742
2674
1516
789
3351
1284
2002
5064
3704
5324
3494
866
5775
4628
1515
2191
5804
2839
2350
1151
3531
2821
876
1358
1126
4544
977
4759
2873
541
104
4996
3587
271
3809
2660
4436
2728
4037
4333
2117
2226
1731
5138
1520
3298
4574
813
5666
2853
906
2770
3146
2269
3243
1459
3613
1900
154
1310
3449
4802
2871
1320
1537
3876
4702
2664
2868
5113
4304
2084
1663
2166
4466
914
3999
5520
3472
2908
97
4564
4482
1872
4854
5121
4052
1322
1444
2538
1286
3001
2975
3879
4576
4848
3312
1181
124
4199
4451
3180
650
4070
4101
1602
4201
2153
5860
565
938
4908
2480
15
2859
2965
5252
4620
4675
2264
3131
1641
2212
4966
2230
4285
1269
5213
840
4491
5228
2223
3024
2904
3971
2187
2142
1686
2353
2102
5597
5272
4081
4914
2150
1857
302
3237
3211
132
5356
5239
805
3106
3578
4032
2879
1054
641
5569
475
4110
3254
3505
3936
4222
2027
2028
241
1718
4658
920
3322
3608
5106
4343
3359
4305
4547
610
516
5441
1436
808
616
5445
2633
2922
2691
4760
5303
3110
837
1274
5876
748
5827
4850
2797
16
1034
730
2499
4112
4721
2405
5649
4751
752
2734
1835
4221
2718
3833
5187
1898
4799
3911
1961
3860
4819
5135
2424
1243
4126
1336
3750
964
3566
151
5159
3290
351
4379
4043
2386
4114
5756
3393
5062
5791
4283
5094
1483
5809
2840
2414
50
4694
1413
3265
1710
1596
5980
2367
1396
422
2802
3217
3605
5725
2742
2036
4852
5139
2118
3528
350
552
5467
3789
3755
688
1406
4587
5500
4537
4766
5183
3361
2313
145
3340
2337
872
1924
2842
3247
2625
3007
7
64
931
802
226
137
4083
2326
1487
510
1135
686
596
5509
3603
2731
5792
4198
2586
660
4328
511
677
848
3392
2123
1609
745
2890
4557
1643
150
4561
5861
2366
4577
3908
301
1889
168
3984
2221
4027
4245
2067
1229
958
3743
5024
223
4215
3927
1235
2451
2688
737
4370
2023
2643
3412
5866
4610
534
3760
1018
4035
1721
5662
5750
1746
3768
1966
5849
1401
1315
3582
2334
5536
5274
5462
4080
5387
5863
1370
1913
806
1244
495
4512
691
5188
466
4458
4133
4899
1391
3711
892
3992
3708
3346
1505
725
2042
1428
4117
1800
3521
1329
2422
1176
434
1634
4399
5203
3688
4226
5016
3197
3981
5003
5552
2320
5043
2708
2306
3121
1362
2064
562
3648
2602
3365
4093
2078
5131
5488
5607
4272
3843
2335
5257
760
479
5023
4214
1077
5968
1155
1431
2812
4735
559
4965
2458
3355
2769
5534
5248
4656
5544
4999
2869
545
4484
399
893
4885
705
4104
3707
2175
3112
2044
3408
304
316
592
3549
783
1544
1184
3179
1425
469
199
1991
634
4626
5152
2355
5359
4783
1084
3990
519
3450
2912
3909
970
4054
3643
5617
877
2260
2591
3867
453
2817
1740
1908
2808
4419
4188
5084
3240
17
2597
3184
2968
2503
4884
5660
2162
1919
5805
3111
396
4450
1533
3716
4940
1149
4392
335
786
2182
3803
2233
4473
1036
436
1037
2577
494
5515
5663
659
1032
305
4421
1617
1478
525
2822
3883
676
886
4581
3978
5875
5222
1691
274
3231
1788
3762
4602
162
4012
2755
3542
1348
4209
5065
4617
2006
1930
1433
3383
1534
3139
5705
222
1211
3402
3382
433
811
523
3623
1045
1693
1125
5207
1221
3030
894
1769
5151
4851
2992
570
1552
1448
5254
390
3878
22
3161
452
3010
1895
3790
932
2152
5001
5943
1076
4594
5045
5205
1174
4193
645
1354
5244
628
1528
1158
58
3769
4645
4893
3285
4169
5912
4472
3264
5550
591
2372
4525
5696
1080
880
953
563
2307
3186
4390
1481
4269
1334
2746
3248
1554
2271
89
5072
1782
4142
94
3987
1215
5285
3462
4147
3808
4963
2785
4822
1117
1890
1403
4495
833
885
2380
1685
999
3955
5234
680
1590
4531
2913
971
2235
2945
1887
1460
4446
4296
1264
3366
984
3590
4526
4433
856
1995
646
1521
2464
3559
3958
4498
2551
4730
4383
2756
613
4425
1914
609
2208
774
890
944
4536
336
1705
2342
4368
4261
2536
2232
3793
5479
1715
785
2585
1033
66
1019
5160
5363
1624
3851
2710
197
382
5658
1657
487
1363
4010
4855
4655
4792
5580
5669
3316
4038
5489
1556
1377
4306
5701
5909
1419
485
4666
146
4247
954
830
93
4964
1337
2951
4669
4834
5692
5882
503
5377
5483
2449
2459
1909
4100
5007
3174
4413
3242
1694
4983
2214
4220
3095
5055
5255
2732
315
4345
2128
2939
3269
99
608
4355
3410
3501
658
1006
1557
5144
532
5635
3419
5129
2066
3599
4558
51
1384
905
1963
3631
1575
5008
2549
3722
1752
1056
907
3826
4869
5475
4078
4568
4023
5533
2
3676
2020
2491
2038
175
2634
2998
2085
440
1629
3403
3344
5851
1523
4151
1526
3235
2354
1382
585
1608
4673
3424
2363
412
4187
3683
4137
4497
1195
3005
4330
5522
3658
4060
2640
3082
3055
270
5922
5308
2185
1075
1851
5277
1808
5048
3819
3903
3511
311
5389
5903
2721
4950
2029
3027
3898
5591
5976
2519
2675
5615
2608
5988
1073
2933
1936
4612
1163
4876
1684
2761
74
3350
3489
5878
5290
5358
4728
3141
5752
5096
5002
683
2021
1103
5217
3332
2700
57
3926
2470
4312
3210
3289
5292
3778
4301
3275
2070
3686
1540
3710
2485
1169
3817
4550
1559
4108
5200
5418
3028
5093
2220
1988
3674
4266
2073
1868
254
2724
4408
5841
5542
1053
4465
5341
4105
5985
5262
1009
4046
2056
2432
5306
5747
4232
4582
2202
230
3026
4178
4050
4676
4962
5137
1228
1871
1802
123
1005
2295
5022
3519
5496
2735
5729
5998
715
5052
949
5892
1318
5743
3622
2213
1957
766
791
4793
5899
3589
4771
4597
4704
174
553
4516
4775
2935
112
3998
4064
455
5204
1901
5879
5498
4364
3089
952
1440
5457
5949
4687
3646
4984
5156
2016
2632
1999
5309
2979
551
2772
5487
2827
2421
2891
3033
4609
113
2757
3746
5124
3713
5671
321
1765
4934
5842
2013
578
1237
1456
4585
5150
3078
4009
4180
5366
3395
4684
1580
1049
3886
871
3727
4727
2387
4077
1300
4807
5834
4740
2751
4514
3274
1427
3281
3575
1915
420
2661
2370
192
3317
3543
693
963
5210
2012
994
345
4224
1390
1179
2953
712
1067
3870
5647
3534
5970
5527
5295
4318
3535
1060
3609
1340
5955
3565
2719
637
207
4622
4838
5521
923
5887
4432
1285
5599
177
5398
1040
3626
2614
1013
4315
447
3828
5908
2368
2616
3441
497
1120
1832
2004
5447
2190
5873
2138
4662
5699
12
5670
1369
348
3921
2588
3221
5218
5327
1987
1412
2617
4427
4863
4542
4535
3923
5881
1258
4132
4045
3553
5149
762
2446
2147
2437
5546
2926
3080
2297
1803
4020
2121
403
3985
3662
1335
5293
1178
5862
4316
5707
3649
5626
5816
4499
4754
2393
3372
1485
4252
5190
5665
3527
1813
2039
2356
1035
793
4652
4260
4111
1272
3848
2644
338
2629
5744
5790
3514
3076
2807
5818
5932
92
2122
2324
3114
2892
1066
386
4127
1699
5165
4857
4349
3348
5499
4773
4134
5473
916
3074
3022
272
4181
2970
3933
3278
3212
3928
5185
5513
4533
5504
5537
5547
4329
3739
3577
778
4042
1530
3006
3386
1216
1616
4696
2375
4049
200
1463
2010
4703
3712
2399
937
2272
2532
3784
5018
5404
4867
1159
2642
4892
360
5698
797
2346
4566
1812
3276
746
1010
3389
2379
1585
990
2407
13
2855
264
3405
87
4809
3047
3744
5166
4016
4179
4917
1665
5369
4124
2468
4366
4136
4720
5338
3583
49
1787
3756
3956
5745
2930
9
4435
2234
5606
4816
444
5492
5395
4653
2584
2716
1709
1939
1022
4670
5485
3296
288
3691
5494
2679
3398
2462
550
1385
5348
4350
4231
3938
3636
2030
3092
1985
2157
3875
4638
5069
3418
4779
5081
1777
2753
5100
5868
4461
3853
4103
5372
3665
1208
3930
5966
2745
3266
2087
1834
2705
3524
5624
4467
5091
5975
1011
1263
1393
3974
775
2554
5778
668
3996
2921
2338
5365
128
1825
81
477
6
2098
29
3839
4800
1592
3880
4975
1154
1276
2581
366
393
1124
2505
2520
2452
4709
558
1875
5693
1259
2899
744
4922
1948
1482
2647
1941
1536
2655
5965
4810
4878
4839
3445
3498
1292
2896
1677
2593
4503
4160
4967
3770
5563
709
1058
2080
5566
5304
3574
1964
3745
1437
5385
4192
423
5130
4481
5382
3021
5796
1206
4551
3224
3454
5801
2062
1210
2677
325
2878
2469
5619
4901
1371
5450
194
2598
3894
5201
5820
881
462
2648
493
1355
4449
2463
365
575
5910
2902
4763
1648
543
4406
3597
4989
803
3946
4055
2657
1044
1883
4099
235
5946
909
991
1265
2944
4826
4699
4992
2172
1962
2692
2168
4864
1611
3719
2987
3993
1042
4580
3884
1565
1603
2722
369
1405
3777
2885
4518
470
2923
3625
2274
1796
4291
4660
4713
427
3759
170
3447
2693
5328
2398
3866
4094
5984
5027
3090
2428
5214
5168
879
528
3336
2135
654
1867
5134
474
1852
2243
4059
1518
2455
812
2200
5748
3881
1844
3032
5334
5230
754
3083
2623
1474
5753
4555
131
4255
5905
740
824
4575
5690
4875
2330
5215
4417
5425
5026
845
3731
2396
4969
3931
1116
868
1087
4517
142
2160
3303
5767
136
5708
1498
3245
183
1132
2517
1877
5656
2249
1993
2624
1321
210
3122
629
583
4683
4929
3795
656
3659
3652
37
3800
3972
155
2943
3493
2286
4239
1461
1426
3159
5545
2015
867
2231
700
687
870
2104
3182
5997
4195
5087
4995
5847
4347
897
4069
3669
1595
1346
5006
96
5269
4588
710
458
2086
5049
1989
1031
4837
4803
3253
584
3012
1885
5886
1734
2854
3319
3949
3396
2778
2247
1290
2107
2542
5438
1353
3042
3539
1128
5945
4637
3920
3925
5561
4146
2706
2325
2893
3802
1028
4338
3730
644
2964
3585
3525
1660
5225
947
3561
5770
2650
3252
941
3929
1494
5386
2408
758
3029
3776
5247
1289
4431
1295
3053
2907
4569
3533
2003
105
5595
1491
4873
5652
2786
3601
936
513
1193
5401
400
3229
3177
2835
4880
1088
1532
1983
4979
5189
2571
358
4374
935
4593
1774
3893
4738
1110
504
5848
547
4591
48
1099
5452
5154
1670
3621
176
809
4034
858
1743
5684
4757
4404
381
1548
5833
3277
2977
678
5258
4396
3979
2948
3970
1792
4369
5079
268
1767
1242
915
3576
2874
3852
1071
5161
1861
631
4993
5491
5685
2100
1111
5719
1160
3482
4570
5872
5390
3628
4840
4817
1713
5585
5316
500
5736
1744
3002
1918
4476
5974
5837
3162
5512
5532
3701
2371
586
1633
3181
5455
5400
3380
83
4356
1086
5740
2766
3263
5654
1841
4928
19
372
80
1416
4936
3895
2392
3948
1064
4715
3520
491
5063
2074
2017
4549
2857
1809
1183
1435
4881
5108
3980
2007
3059
579
2206
1776
913
4502
2442
5235
5967
1707
3468
5037
2488
3772
3487
2555
3104
3085
4297
3650
3551
4648
2333
1708
1051
2314
424
5840
747
4483
5301
5291
1771
5104
4948
3208
1283
1567
5742
5282
257
1023
4319
4532
2717
1185
702
1146
5431
4487
1591
5242
211
4954
5075
3882
1542
1725
4033
1308
5639
435
5145
3428
1795
1471
1821
555
533
4139
4745
1296
5761
948
2764
1446
5146
5732
1063
1238
1186
921
1726
1784
3491
3765
1025
1397
2831
3204
3150
3070
1728
122
5105
4790
2025
4463
240
4284
2360
3885
2211
1976
1770
3460
2198
5936
3757
2484
776
950
5143
714
4
5193
2340
4961
1122
2760
1
4387
2456
1234
140
2936
5727
4423
1894
918
5625
1632
4131
2127
5577
2607
2476
2814
1687
5458
4289
2483
4879
2715
1134
4331
2898
2699
4501
4786
5934
2897
3627
4741
2348
3818
392
269
2960
3667
3517
1932
1873
761
4230
2793
5610
719
4598
2072
5280
5109
1137
5939
4560
5787
4302
1884
1637
2344
2651
926
3544
428
724
5510
1199
3043
4352
1196
2450
1008
4394
341
1112
4437
4278
4736
574
20
1980
3311
2501
78
810
492
3952
869
5554
1951
1083
1257
5803
1869
5307
1621
5583
5682
5712
201
1583
147
750
2110
5765
1702
1309
2092
5810
5651
1958
4173
3439
928
5427
4286
2302
1569
1664
4460
438
2645
2627
5677
4243
4644
1294
4164
851
801
2444
5394
2113
4018
3198
898
2089
4895
4005
2666
3785
3038
3280
1129
1475
95
2384
3147
2696
4236
3827
5584
3433
5194
3094
1156
3370
5440
4397
471
3805
526
3480
2748
742
5676
1059
343
2139
672
5279
782
522
1735
3213
5877
5587
1496
5715
5992
5271
2133
4951
955
3811
4426
5630
1449
215
3046
2163
5273
1177
5633
2858
5237
597
3173
2273
4756
1055
3901
1998
635
1749
2173
370
3461
632
1612
5276
967
1240
4732
5773
189
5782
2158
4087
1247
4309
5039
1469
817
1949
1810
2189
203
657
5846
2308
1876
3969
3483
2997
1136
4317
2971
2115
4657
3804
4944
180
4028
3560
1464
1897
1680
4175
4155
5718
1934
904
5468
67
2382
5531
1408
5140
1423
651
2378
331
5092
3513
3573
2515
3554
2641
1472
3321
4148
166
2257
4386
1888
4906
1541
3334
4067
44
224
5176
3438
3663
5170
3702
5025
2120
1381
852
4143
927
1982
507
1236
4074
1676
3135
2837
2729
2362
3604
1307
4410
413
1068
1678
5171
2910
5388
4326
4572
2369
2404
3016
5530
2652
1239
3466
4520
4904
5590
4870
1811
1262
1231
206
5938
3315
623
4279
1561
2178
3435
281
135
5679
5565
4795
1647
2955
5964
2815
41
5432
5535
1434
2224
1859
720
3766
2743
184
697
3899
4821
2801
711
3084
46
5495
2788
772
4546
5099
1717
831
3555
2390
5517
4913
3015
1826
2967
3477
5896
4654
4534
771
1319
2278
2884
2161
5158
2261
5919
3214
4770
4234
4960
3338
5050
3687
4729
1030
5944
3226
2681
5335
4447
193
2794
3328
273
2103
1003
289
3172
3091
40
2567
1470
5700
5758
2956
3145
3900
125
5915
3771
739
2888
1578
3200
536
3815
5141
1818
4109
1085
3390
2775
985
2024
1730
2635
5456
4856
968
10
4288
2662
1024
116
5828
5999
5198
3703
1655
4282
3192
1418
3199
3588
3151
463
4707
1502
2697
1404
32
2425
2544
1862
3471
2290
4163
4843
767
3374
4898
548
3832
3661
1260
5589
2284
3557
1640
280
756
1747
3918
4414
1789
588
595
1766
2082
3904
2011
5448
4415
1057
3537
1213
3694
418
5368
4031
3861
4228
5596
253
2758
3400
2059
2316
5713
5376
1729
2465
4489
4631
5302
1870
4213
1642
4418
4308
4510
1484
4649
2838
190
3384
5224
5995
1831
2620
3837
3581
2803
4933
899
3363
1249
5355
2599
792
5766
1421
2863
4823
3563
233
4086
2228
4794
4475
2916
4755
5724
4788
1929
2239
2611
4567
2938
827
5011
1791
445
5650
2397
374
1683
2991
5035
4592
1645
4504
3088
502
4096
2167
361
4313
389
4907
4578
992
1672
2995
2723
4003
1214
619
741
3705
1917
2527
1398
2834
3679
1881
2903
713
2471
1979
5426
2351
3541
1940
3685
1775
4991
229
3671
1041
5723
2508
4254
5211
708
5789
5508
1191
2818
3897
2132
5668
4341
4820
3891
2683
4267
5436
4988
4084
825
3108
4681
4986
3125
5350
4206
1925
1822
3838
2275
2299
2639
1270
773
4831
2712
3637
56
5381
3696
472
3862
430
685
3653
2097
2423
277
3783
3379
2946
4774
1139
2143
1043
2833
4540
4860
85
242
4337
1188
3503
4780
3912
3098
5352
1882
5102
4505
3515
5236
798
401
1130
875
5926
1442
5608
1458
3189
5478
5572
1142
703
3924
546
5000
3914
567
4102
2199
1623
2999
1501
2280
2752
4600
2413
2559
4761
4089
5317
2796
2317
2310
784
2539
163
263
4268
3668
4900
1798
1574
4698
3401
5930
3693
2848
3018
3749
4235
4911
2136
5497
239
2156
5148
52
1012
4918
4216
5754
2116
2427
816
5361
5471
2828
3887
3058
2927
667
1631
3314
3337
2806
3522
3056
3102
5033
28
5551
1905
540
4697
1759
355
5763
2293
934
4841
4300
5710
1372
5493
3301
2809
5351
1167
2612
823
2194
1223
4129
3422
367
581
1816
4152
1233
3306
4456
5836
1899
23
3796
4782
5604
2412
5857
5888
3871
3481
4974
2266
1847
4959
1858
4990
3690
3619
1455
417
4689
4527
2411
450
1690
111
1097
1922
1312
972
1386
4281
3846
638
4208
442
2252
4120
3961
5423
4604
2298
1804
2682
883
185
300
1511
4202
1967
943
2726
2482
639
2989
5030
2406
4159
5711
4877
5961
1911
4470
5443
1016
3124
2782
4457
895
1779
2969
727
2352
2374
406
4250
70
4205
1931
2323
4275
5405
1061
244
5177
2654
2653
5245
5931
4718
4791
832
919
68
3807
3079
2186
1345
3357
121
2583
5034
4825
1314
696
1356
3951
171
1553
4015
5453
924
5634
4372
4494
2140
4808
925
694
4599
2292
4767
2656
4711
1654
2481
283
4998
33
509
1468
3934
3602
8
4801
3642
1251
1793
213
3968
3241
1954
4723
1351
4156
2358
5813
1855
1739
3149
4765
5588
4361
1653
1853
5287
5795
2668
666
2905
2253
330
5667
3821
5832
796
139
2894
4492
312
4116
259
4182
73
4942
2327
633
1190
5417
1805
2563
2553
5768
261
2357
3115
5419
5746
489
2994
1886
3283
3847
3864
4935
3320
4690
3835
2917
2426
2174
3644
2222
114
717
4360
148
732
2083
3915
1201
5806
2518
1207
2594
5643
965
2606
1172
4671
2709
5523
3041
2865
1027
397
2557
590
1893
5125
1379
3973
2388
1975
2548
946
1275
5195
5601
2736
2303
1349
4123
2179
2461
1454
4098
2001
5
3324
2684
518
4376
4477
4971
459
3538
1626
582
3429
3155
5916
5088
5336
3919
4787
2978
4479
5264
3354
231
1050
61
2646
5078
4428
2576
379
1719
258
5340
3163
4714
3869
2974
267
4708
3640
3292
410
4748
2065
2031
2493
5618
5017
843
188
2819
4299
5288
465
4403
72
1600
65
3518
3368
5202
1741
4327
1926
3850
863
3367
1586
2149
1280
1838
4924
333
3889
5612
1560
1094
512
3964
5208
4204
1562
1742
2457
1959
1860
4693
3647
5983
1305
3547
30
1644
2159
5844
3404
3196
5038
5246
461
826
1366
5864
828
4183
594
2081
790
1794
929
2738
3485
673
3684
2270
4611
5164
1564
4945
2988
576
4290
5898
3738
5005
5346
1374
4571
4958
1273
2319
3614
557
5112
1598
4233
138
2836
1712
4665
3801
2545
3682
2739
4066
3940
3529
1150
1679
324
120
3941
1830
156
1241
1711
5797
1133
3011
951
1960
5041
5396
3717
1797
4253
1267
262
5031
2509
3721
4051
5869
5904
5059
743
5380
5347
5972
4440
2601
1768
3692
1538
5044
2811
4168
5115
3003
60
5261
1896
2730
1200
5463
2151
5323
4125
4400
4189
5391
3734
1674
1703
4768
5653
3153
2694
4001
3510
5157
3910
4828
1457
841
2531
2026
4589
5858
2771
3735
4968
110
2972
3492
3216
1447
3273
2487
1698
1669
2438
3185
3845
1878
1942
1549
409
1092
2453
1753
2119
4890
5101
1546
5952
4543
4836
3654
4947
5179
5216
3014
661
1892
1119
4905
234
611
3409
2305
1452
839
539
1395
2673
3017
5514
1849
3645
2125
707
1668
1170
4262
5594
4764
2433
571
5826
1824
3546
4530
5459
5097
4781
2596
3391
3593
1000
5996
5783
130
2321
1547
695
1147
5095
2911
3922
1365
3397
117
303
5184
4363
5641
2961
556
2419
2985
4672
1375
4381
2108
275
2940
4682
602
1212
4524
2636
5240
1778
769
2569
2590
4519
4573
5413
115
572
3268
204
3806
900
975
2018
3506
3373
2055
4651
4511
4734
986
5422
3791
5511
3792
3437
3500
2049
2573
1864
5891
2296
1439
5717
5312
5764
5313
3824
3858
314
3512
3753
285
4006
4158
3841
3618
4824
4068
3413
4692
3935
101
4219
779
514
2540
1373
4063
3148
77
5054
256
4785
2695
2790
3207
2535
306
4091
1500
5060
1168
467
5721
3069
1723
4377
4441
1748
4937
144
5412
1493
1756
3788
2050
3504
3339
1716
3036
901
3639
4257
549
4584
460
5629
5924
3486
4259
1108
4384
4634
2447
5476
363
3205
5880
3814
5728
2475
1891
3786
100
5484
319
5191
488
5906
1062
496
4348
2852
2925
2713
340
4277
2203
3341
1453
3957
4430
4336
5556
1441
4946
5739
3421
3526
2497
4661
1971
2813
5126
2494
5959
859
2210
3754
4784
2810
1065
4744
2336
1563
5581
191
987
1880
4952
1696
5760
849
1342
5518
5374
4506
3004
250
3260
3132
486
34
2329
4462
855
4058
1409
5490
734
3464
4846
3100
195
3606
4371
2288
3440
3695
3781
3081
2183
1732
2727
684
1420
2240
3820
27
4539
1671
1601
1836
5644
4395
5567
1100
1815
2733
5136
5593
5437
5921
5318
4726
3113
2966
3591
1438
4292
4351
5582
247
4218
3656
4065
4493
1807
5602
1180
5502
874
3164
3075
3624
2248
794
3907
481
903
2678
5266
5315
5776
4444
90
834
3190
3066
5111
3469
3509
5406
3758
726
2443
1323
5354
4455
2032
1383
3259
3779
5320
3782
5779
2048
4145
326
3443
1504
3414
317
5233
561
246
375
2915
5957
1451
1661
4092
3310
692
2294
4640
1571
718
5592
1101
577
4616
4090
1780
989
5042
2928
4340
5371
5824
1029
3105
846
2309
5029
2037
265
1688
2906
359
2204
768
2193
2395
3932
4271
4897
5474
2631
1015
5890
4716
357
873
5036
5486
3228
640
3677
2649
4393
3279
1219
664
2779
5360
5575
4438
5047
3455
3715
5781
2768
517
4258
2701
5114
5802
5993
108
3288
4166
2556
620
2582
4861
3890
5142
701
1843
498
5555
2762
238
1977
4691
4185
2245
2057
4496
1856
4273
5410
2860
310
993
4509
4402
47
1072
544
1422
807
62
5680
2628
2667
4454
2052
3507
1845
4973
3233
679
5296
4382
1082
1301
3067
3540
5867
959
429
804
3388
1545
2982
4138
1014
4874
4322
5178
1503
4862
196
844
468
1304
4830
3856
1227
3154
4643
354
2267
716
1921
3670
2022
723
2389
1519
3099
2410
2523
626
182
4739
612
5688
307
2740
5822
2155
2416
5962
4845
5439
5019
800
1724
1225
2825
4344
2750
670
663
1577
3822
5197
5948
4276
2436
2832
3698
4778
3799
2137
5960
942
4405
2687
1486
1171
1587
5449
4659
5722
961
5784
5762
187
3202
313
4149
2364
1675
3798
4119
3157
5384
1203
2626
4378
5375
3109
681
4332
2565
1910
3407
4931
5543
4529
2091
2219
282
1145
5631
2546
383
2331
1017
1415
4420
2106
1992
4303
3944
2849
3119
1517
2850
1069
109
5648
4241
1619
1923
4710
2339
4639
1048
5409
4545
55
1525
5082
1144
5424
5067
4688
2170
3140
5300
3823
3913
84
159
2514
1628
449
770
3634
2516
14
3478
5461
5570
5481
1364
5623
1974
5557
853
1606
4165
5186
5076
2498
5632
4407
4579
5343
2983
4953
3857
3950
4157
1594
3369
3916
339
5539
5383
3170
4130
2141
1400
4731
5640
2322
5182
3376
1495
5283
3062
2225
4700
3183
4742
2192
5786
3673
5250
1368
3238
3584
3737
5901
5357
3532
1863
5989
4293
249
2562
3272
5986
4886
5284
5464
642
3896
5830
4053
5928
2993
753
2229
3327
1689
2550
3144
411
5314
4943
5253
2054
506
2980
2774
2079
88
1620
2034
2040
627
3774
2976
5163
5942
342
71
3829
2430
5305
482
4359
1801
2824
777
3193
4358
5911
1222
2169
3592
344
4057
1311
380
1508
5683
3039
1445
4623
2063
2600
4887
4294
788
2861
5800
5402
1039
3305
2638
2996
605
4022
1252
4443
3873
394
4004
5811
5941
1510
5812
4225
1576
1947
2256
3286
4211
2765
3457
5854
995
42
2077
5664
1224
2841
996
4772
1512
5695
882
243
587
1302
1162
1714
284
3044
980
1004
2502
2524
1658
3160
3294
1535
2665
76
4515
3222
232
1277
1938
4041
1817
3158
3495
2931
5364
395
530
5845
5070
3178
1232
3299
5969
5119
1189
1646
1727
4926
4842
4298
2171
129
5120
1555
1907
1814
352
3302
1347
2658
607
2197
3019
2698
5506
5611
2942
3877
665
3117
5444
4832
3997
4717
2255
5735
2990
35
2259
3488
5259
295
884
854
5353
3595
3291
4039
5333
820
5232
5311
1819
5110
5051
3313
4323
3612
2401
4789
5576
3256
1317
404
3020
5012
4902
2289
4563
4677
1667
554
4274
1513
2795
2131
2541
5799
5958
3142
4448
157
2315
4246
847
2845
1173
2479
457
4667
4161
5977
1610
1104
4097
4118
568
1480
5817
2373
4633
3127
5507
1733
997
3045
5226
3420
431
5068
4541
625
2431
3767
1192
5571
976
736
4976
4442
2291
4678
118
1298
4013
4076
5755
765
2589
652
5180
699
4737
451
1090
4805
1582
1659
1866
4583
1492
1255
1279
5616
4938
2947
763
2847
31
3261
4469
5757
1182
2702
3724
5578
3451
5621
3258
1514
5734
2759
4186
4223
1953
3284
3333
1217
2780
4916
4538
4595
2060
5852
5953
473
3947
3353
957
861
5907
2572
4621
3432
814
3116
2134
320
5979
5579
5172
2058
5085
141
2789
5923
3203
889
910
2686
1651
5691
1380
2258
4311
1359
5925
5167
5219
3416
3836
5859
1293
5342
3077
4752
1352
346
102
205
2148
3697
1781
3086
3736
5638
3297
4642
4334
1755
3152
5730
2510
255
865
2304
5559
3467
3496
2075
4353
5251
3797
2101
323
3309
1984
3764
2525
5330
2763
2345
917
1524
960
4144
2513
2318
2685
1509
3849
1118
3888
2046
3709
3176
4210
1360
2574
1986
2843
3130
2851
252
1052
4307
4324
1902
4335
4994
3868
4062
781
1990
5825
4375
3188
722
5987
2467
2383
2111
2610
4265
1299
1522
648
3156
1618
3343
2876
2783
5831
1945
5430
1622
1573
4237
617
214
5937
179
2195
3165
682
2241
5454
153
2090
4674
5950
2737
1604
1736
4923
721
1635
3689
4927
279
2094
332
5749
2872
624
1965
618
2877
2932
4071
3227
3706
5819
5636
2112
3617
287
3752
5706
4888
4485
3120
2844
3223
2637
5014
5702
819
1140
5856
5885
5661
353
5122
3558
5326
4088
2526
2886
2512
378
1007
3063
2659
5883
1593
181
5549
5299
1499
1599
1839
2312
1047
4833
4859
3061
4939
4325
1316
850
2088
2418
5889
327
5920
1091
1865
4813
3218
4047
4977
2129
5777
4982
5793
4115
3031
1153
3065
1837
2744
2981
2301
3728
704
5071
3385
3995
291
476
3118
998
1722
4613
3052
4354
4559
2236
2124
3050
3411
149
4242
4725
1476
5090
1673
2690
738
5286
1879
1972
4910
4128
5155
5321
426
2365
3720
2558
2952
158
1927
2005
2537
3816
2460
1287
669
3842
5738
2804
675
2394
4424
3051
979
505
5835
1194
4030
3442
1854
1828
5655
21
4919
2096
3989
3175
4956
1331
2689
1204
1246
573
5673
1944
2105
2130
4668
988
5528
1344
5446
1114
3329
208
3484
3126
4287
5289
167
1994
4747
419
860
1997
780
5153
5914
818
2703
5212
1038
4733
1326
1388
3892
4815
36
4635
2592
3714
5933
5642
1288
2409
4586
1607
5275
5646
1704
3171
5613
5297
4141
3775
2671
3516
3508
103
5339
1166
3195
1946
689
480
5609
4868
2417
3641
2035
4453
11
3564
2217
1751
216
1389
5741
1968
698
1350
106
4342
4113
4490
5505
3794
5209
1737
414
3986
1278
4056
1706
2747
5917
3048
4367
3976
4625
388
5416
2889
2009
5331
4847
2051
508
5349
4154
2937
59
286
3751
671
2227
4553
1692
2792
2895
3680
4695
3994
2109
2472
4712
4357
3831
604
3497
5620
160
2215
5850
981
749
2008
2918
2941
3988
4769
1568
2507
1339
5598
3295
2495
69
4021
3446
2095
5586
5260
2741
1220
79
5637
2800
2530
5098
5268
1266
4554
1543
5538
127
1827
4903
5807
3143
1327
1107
3570
593
1001
219
278
5759
2575
5103
3872
3137
5362
3977
2773
864
3490
5429
4664
5788
2954
3660
5032
1842
4488
5046
1282
535
1773
2950
4663
1079
606
3034
735
4522
3040
1697
4075
2777
2184
614
5686
4439
5865
5428
5774
3865
4896
3854
1078
1325
5221
3430
527
5675
1141
706
1833
5897
3596
5127
5843
3476
3270
1906
4997
1639
5267
4949
2919
922
4398
5123
416
5541
2496
3064
1700
5028
538
4085
4153
1615
5940
939
636
5128
4556
1943
966
2246
2045
1566
2791
5435
2714
911
3452
5893
2506
4605
1656
2826
4008
5564
2440
2177
1652
2986
978
5477
5370
2164
3470
4957
5174
4930
228
1551
3678
2415
2441
4388
1570
3025
1378
5056
2613
1306
5469
1303
1157
2019
2500
2704
5771
448
3723
3830
3939
2622
3326
5344
1187
649
5529
4521
5116
1046
5319
2071
5678
603
3844
615
1933
2343
1479
3556
2328
1584
173
5562
838
4362
1589
4627
2543
5010
3246
1996
2595
3387
1070
5627
2511
4777
764
5392
3239
5013
3166
1198
4365
3567
4434
2341
385
391
3071
5871
621
3347
1127
4565
297
2805
2522
3169
2767
3975
4872
2711
4321
1745
1161
3250
501
5674
4073
4409
1332
3220
2603
908
1402
5379
1969
580
2875
2958
3399
5894
2534
4048
4007
5726
2672
2218
5622
2963
1572
5147
1202
75
3037
4079
1324
169
655
1579
3633
5009
5716
5918
2604
2564
5516
3594
3598
930
5367
3962
1772
2144
3335
4212
2570
630
2787
1109
5325
4240
956
4679
4029
2114
2033
251
1507
1098
5294
3444
5853
318
5672
3569
1020
1950
662
2400
3629
4036
2285
5040
3215
376
152
2621
5175
38
2920
3954
945
3611
4044
478
3630
1268
3136
3681
733
5737
198
3236
5553
4263
1613
2287
3271
4429
4646
3293
1738
1095
933
5560
4641
1376
5838
3194
2381
1850
2207
3937
298
566
5399
3773
1313
3959
1429
1846
4762
3616
3905
3635
2561
1935
2900
4140
2829
5501
4507
2434
5704
3255
1131
2176
3655
4295
3473
296
5451
5465
3459
5020
5703
5004
4122
5117
4590
484
5132
2887
3780
3902
4174
4987
2000
1407
3308
1281
835
1581
983
2376
4650
2492
1758
3133
3474
4391
2237
5434
2377
5829
3072
2196
5322
4523
2477
3615
589
464
3571
560
4932
362
3729
982
4749
4471
4624
1820
437
2663
1614
3244
4978
2473
490
2547
1625
3262
3813
3325
4459
5981
1473
5900
3499
4072
3123
1527
1840
3579
5378
5238
3356
2076
3953
5794
1387
3586
2784
2238
974
1226
3426
2749
2454
2867
309
387
3381
4172
5769
5298
6000
643
4024
3761
601
3465
3107
143
1113
3342
4203
377
1682
520
3732
2242
3364
202
3013
4339
1256
1450
4478
421
4468
2282
1297
2914
3479
1138
3251
815
3230
1920
2864
4227
1245
276
5241
5403
5798
5466
5657
3436
43
2856
2347
24
165
5954
5057
4891
4686
5978
5503
531
3
456
4915
4812
2846
4011
1695
759
4722
3304
5181
2188
443
26
4701
3425
5709
3009
1539
2883
3945
5733
5256
4925
5785
5600
5373
3378
1650
674
1466
5220
371
3300
1410
3000
2862
4814
4244
1089
1636
3060
5107
439
1424
647
912
1411
3458
405
1627
2466
3049
3568
5574
2866
3718
1205
3345
4955
1074
446
349
164
119
1754
2578
221
569
542
4618
5525
1093
3054
2268
260
5697
293
3536
4095
3810
3201
690
384
2180
4040
1823
5053
1123
600
4177
3657
5118
2069
4632
3942
4636
4150
3035
4705
2823
1981
2962
86
3726
3545
5199
842
5162
3307
178
290
4724
4500
3008
4000
3057
4607
1630
1152
3651
499
2490
3859
2099
3377
2145
5061
2881
2949
5973
1330
91
2669
1638
2957
4853
1955
4019
5821
2521
755
5815
3234
3023
2781
53
5397
3740
3530
2504
3318
2265
5947
347
134
217
82
1248
2359
4746
2529
5411
2250
4416
334
2349
2486
962
4256
25
3068
1799
5929
5229
5472
5720
3349
3963
368
3548
225
5994
4217
887
5073
3209
237
4552
4025
1121
5310
2566
3128
1477
3282
888
3093
4014
3097
4176
537
2435
4167
729
4972
1904
2201
2619
5526
896
3812
5751
4909
3666
5603
4685
4797
1681
3763
2263
1081
4270
3323
218
2429
2402
1874
1550
2618
4135
3352
4238
599
4985
4310
2420
2043
4486
5345
5077
3638
1761
1506
2332
402
5573
454
2262
4508
3580
2568
2205
1531
2973
1218
5263
5870
3552
4196
1488
1164
1341
4320
4106
2254
731
407
1343
829
878
1588
3101
5823
5681
2403
3840
1783
3855
5558
4827
3232
2720
5990
1973
1916
5086
2209
3834
5927
5855
3134
5874
5659
441
1002
2959
1465
5270
3550
4248
4207
3610
2579
