2059
2270
5697
4306
2642
1246
3144
1379
2465
4893
1580
6007
5432
4561
2029
2749
2111
6025
4857
987
2984
2340
1984
1965
5067
697
896
1511
6809
1225
3495
5026
4669
600
4643
4161
1451
1839
934
1095
172
3188
6469
6093
5203
5676
5944
2836
5191
3226
1273
603
438
211
5534
6937
2633
1169
2529
1963
5736
6273
712
1285
203
5019
1744
6265
3528
4379
3863
1850
4828
383
5216
6504
6217
6350
5978
4573
2925
5402
308
344
6073
2841
5852
1539
2268
4712
5691
1832
6179
5536
6612
6845
4800
2615
3621
3469
2200
3644
419
4769
86
5806
527
3431
5565
4209
6293
6982
3298
738
4929
4199
5435
5122
2289
1951
1515
6185
3492
5847
4073
962
161
5803
6660
5390
6893
349
775
5917
2607
6389
3523
6689
6750
4434
4936
5602
1980
946
5874
4251
3756
2928
1139
1966
5013
4835
5442
362
2180
4115
4737
3205
4377
1300
4706
1450
6148
1830
391
5903
5351
6066
5530
5237
2746
2593
2717
1933
2068
2091
3168
1541
2921
6260
2993
3096
4398
3117
5078
734
6614
3780
874
3367
5365
65
5628
461
3879
3781
1183
5742
2073
3997
4683
6079
4568
5034
4959
6254
922
3271
6960
4942
1403
5823
6883
2650
3109
2244
5342
6852
6997
1412
2482
3251
1027
6266
4788
5275
6661
2623
5003
5886
843
3027
1741
1567
5496
5834
6063
227
117
4366
5854
6680
2625
3916
5612
3202
5875
2817
4727
2033
4719
4383
4107
4747
6640
3467
3558
4630
1435
1918
3448
4563
1704
6234
1126
4435
5062
5281
1423
862
4325
2020
5381
3256
2495
4632
1288
1799
919
3183
2371
3931
3295
3791
2799
4090
3260
410
3852
3629
3779
2668
4566
2456
1514
2575
1305
4909
3926
3684
6912
4446
1923
6503
4235
404
4526
2167
6975
781
2439
5596
5440
4664
1281
364
3267
2118
2428
514
564
1934
3805
3178
1364
4256
6744
838
6601
6636
873
521
2203
5425
1921
3375
522
5125
1651
5632
2916
4069
5793
3049
5507
562
2103
3920
229
3734
1797
1680
4746
6004
6770
592
5481
3077
2007
6125
639
4958
4141
195
2174
6468
5947
5104
3724
581
6427
3289
5513
772
5486
357
3716
2690
1553
5000
4814
3917
5414
753
986
3206
5873
2446
3738
4729
2797
2214
3234
3133
474
3745
4063
5106
5294
3740
2190
1891
1254
2438
3114
4818
6823
1517
4743
5165
2293
2858
3059
6109
6751
5235
1902
5386
1975
5461
4032
5699
1216
2110
3951
5499
877
6834
4574
9
3581
6123
1668
6565
4376
2537
4276
4529
4829
825
6433
2260
6219
3032
5557
1132
6999
4205
267
2101
6027
4673
5323
4798
5474
3974
5372
5954
1192
2012
4753
1894
5679
2602
2712
1952
4598
3631
4687
5021
1985
5805
85
2736
257
5668
3661
3899
6710
254
2689
1612
372
5788
6740
6382
1030
2937
1584
5346
6724
4552
6589
1090
2759
261
3976
933
4241
2617
145
3566
2317
1125
2919
3616
6572
3515
3
2734
2777
2707
845
181
6001
4439
2232
3380
2667
1467
4011
5355
6176
2256
5673
6392
2489
4109
50
2536
1761
3016
3816
460
1433
4913
5266
2351
271
5423
46
4091
5065
5965
2770
3614
2510
4559
6656
859
4890
5648
2072
2989
2287
4587
414
5160
5406
6121
6899
5524
3458
715
5735
1533
1544
820
6232
5795
4481
4253
4052
3029
5378
5341
991
136
3499
1794
390
2447
6291
1480
4917
6610
1481
5504
824
741
5898
3410
4427
2487
6095
3814
4044
6862
118
3084
6362
4601
1582
2571
331
3094
6775
6686
3810
4865
2096
3291
4292
5029
5128
4582
574
5127
2213
3544
125
5738
5528
2344
1374
2718
4474
3154
463
1738
6107
6230
6202
5208
5913
643
6439
979
2924
1459
5037
4100
927
957
6645
3103
1720
5599
2688
1129
6542
1224
3851
1596
4192
1361
3940
2737
6956
1556
4483
5801
2399
6104
3418
2333
6536
5546
2922
6692
4631
5088
6892
4671
2275
6588
4675
2809
515
6812
5755
4269
6014
1655
1855
5460
6873
4099
223
1164
1397
4666
5778
4260
434
2535
334
5114
476
1756
190
4904
1264
3972
2477
2461
6242
6607
5655
4019
71
5103
160
492
3270
6813
2025
6354
5227
3965
6531
6790
6287
794
6935
5930
627
5616
2291
5700
593
2975
2027
3111
1392
3073
3744
4188
5224
5344
405
231
6089
2406
6154
3914
3873
4216
3553
1377
812
5918
1342
205
3345
3384
2483
5137
135
1012
3831
4541
1659
1632
55
5090
4848
3025
6324
2247
1872
3877
3333
505
3086
988
5357
1861
1573
4130
832
6685
4870
5656
2431
5110
865
4978
3120
277
3305
2429
2892
4035
1848
5543
4850
491
2711
6867
80
1373
4420
3723
6626
2674
5843
3165
3147
3853
4151
430
5938
826
5401
5247
4760
1078
3316
179
6522
2662
4278
1833
6303
1530
5498
5705
1796
1269
718
1653
3057
4089
3415
2640
4797
5581
2655
4954
2935
3437
4736
4785
399
3726
435
3907
3667
3089
6784
4776
786
5830
4147
4056
3179
1453
1020
5157
2630
6051
1355
2021
2499
3385
3561
2780
4336
6454
1594
2402
1681
129
4613
4824
3169
693
5851
2322
2753
379
2367
4901
3489
246
4299
4819
6514
6577
2393
4469
6754
3584
2098
417
3443
5467
1616
6696
1613
5925
6632
3762
4945
2427
1156
3372
2695
4846
3310
3452
5757
6245
6419
3989
182
897
3434
3269
6012
1755
6356
6539
4049
6163
2819
6643
4075
4707
1493
3309
3473
1570
3794
2408
5975
6259
4033
5997
1465
6164
220
4036
2364
5829
6727
3930
618
2500
3350
6174
4220
6970
3487
2713
6676
1932
5362
2889
2765
3041
4543
2134
5696
4881
6628
4454
3541
1294
5517
3701
4419
4771
5439
5447
6765
3922
2398
659
6604
5251
2011
5837
6703
1123
5667
705
5253
5360
6909
2678
5786
1508
6936
2913
1600
5023
4696
4458
6629
4617
5950
1019
6848
4588
5804
5487
2998
3417
2090
5559
1636
4409
6187
4221
2773
5170
4465
2978
3506
4491
3438
552
5554
2992
2142
4634
6974
5564
3992
4569
5421
553
4888
6553
4943
5092
1059
2669
4860
6806
4722
3272
4212
6140
2092
2144
1444
5366
742
352
1824
3987
3908
3237
6477
5007
1047
4163
3315
5600
5926
1282
964
1162
5587
1083
363
5877
5313
5772
3624
1452
3795
3856
940
5008
967
6480
5437
5756
4544
1597
5915
523
2295
5505
5819
4304
4430
882
1148
6134
5789
1667
2912
6338
4730
3483
3807
6462
4967
3669
1908
921
5674
2066
4386
6209
2298
4403
5307
6583
176
2320
3134
1915
37
4028
6070
544
3509
2771
2665
6365
6620
1168
692
5441
4471
4139
2791
3928
4132
3752
5831
3954
2911
4501
6037
2710
1026
3486
3462
4591
4301
6717
5458
2865
3072
2313
298
1536
4823
3429
4648
6034
5451
1775
3477
1432
5073
5293
5347
1740
3964
4511
3010
5200
1734
3228
3609
1252
1773
3518
6736
1790
2564
5031
746
2886
4463
89
61
4154
209
3890
173
5881
131
696
4331
1387
6064
1537
2523
2271
6932
780
3510
3140
3037
550
2988
1943
2047
5743
3548
1889
3536
5640
2907
6090
3279
5594
2223
5255
2075
4034
777
2948
2507
4202
2933
3560
5426
392
4549
38
3832
4119
6415
2254
3627
6600
6294
2383
3242
5889
359
337
18
3778
5105
2940
2502
5563
3760
770
3066
93
6432
2129
4252
3932
381
4222
4171
5039
6015
1485
3187
6748
4619
3043
6101
5862
5544
1617
4444
1211
1066
4027
915
599
2258
380
739
4243
5387
6739
4364
3383
97
7
2552
5156
6819
4938
3373
6663
4155
2901
3655
4327
4690
798
3246
6595
2740
2378
3761
1752
6984
6166
2193
3874
2766
1714
3386
253
694
5368
2057
4227
5091
251
5336
1015
1382
2374
370
5986
3330
4334
4025
3177
6201
4821
224
6743
1696
3546
5844
4206
2751
531
1884
4092
1283
6948
127
2233
20
851
5479
1572
6962
1745
248
3288
1559
3729
5776
1120
6099
4214
5979
407
3001
6153
2643
79
6043
1621
3338
4805
416
6105
4266
275
6709
5922
4167
2957
1648
904
3320
5992
5569
3692
2842
1588
1034
5030
2965
3423
6507
1532
4896
1438
6158
2281
5627
3635
4411
995
1995
3537
3551
6487
5358
6032
140
998
3107
997
3733
1816
3999
4122
6411
3755
3886
2462
4423
5492
5117
2898
804
6810
3690
90
2417
5746
12
3358
4051
5511
1331
5130
1159
1846
3664
5560
4203
3577
4255
580
5840
6108
1247
1873
2422
1029
4790
670
4314
429
5048
5097
4963
762
6630
2831
4429
5912
2062
5173
6691
1140
3223
4320
1843
1547
5177
4311
2974
3857
889
713
2225
6746
3538
2683
6404
2931
2484
2433
3155
782
2896
1716
6135
5617
3012
4570
6397
2235
3846
6735
319
5838
1825
2081
2854
5872
5155
2122
604
100
5299
2171
971
2700
1380
3284
1762
5586
6373
3336
2520
3568
196
5792
5470
790
2589
4012
69
5542
3265
3201
5766
5871
137
1558
444
367
56
6005
2730
5636
4113
1310
6170
3785
2608
3352
2518
4655
3323
5076
6130
1011
1316
5080
1235
6687
1535
1100
3949
1080
5512
148
2116
4928
3412
382
2248
1427
6414
1223
5678
3214
4445
1137
3713
4414
4
2846
1637
4058
4528
228
4931
1461
1336
5056
5611
3639
6000
6684
2646
72
754
5769
3277
3869
5996
520
2704
1578
3042
2126
6716
1
5891
2284
4991
3977
6215
5948
3364
2783
6461
3527
3356
2910
4392
2347
4337
2659
884
5371
6448
4068
6384
1233
6052
1420
6498
4994
1424
4636
1040
3881
5269
456
1158
6529
3224
6035
4794
648
4757
1513
5733
5708
961
1219
2441
539
2051
776
3903
4571
4894
6700
5311
2735
1315
2252
2475
2472
4849
6927
6277
808
2551
3088
3435
6122
2310
2444
2306
311
2929
5623
1808
6793
3422
2853
6275
6146
5268
656
1279
6231
2508
1415
4381
6631
6762
6204
4633
1014
2125
6786
2319
2416
1349
4281
459
1609
1115
2070
409
1628
6981
3978
2078
588
2324
2744
2304
6225
1384
4915
13
687
2750
5927
5
3707
23
1953
793
5044
5187
4236
5211
1687
6708
822
262
5488
543
3466
1332
2555
2109
1920
1296
1736
5287
3660
2084
4947
2063
3905
186
4680
5144
4189
1271
4083
1478
5054
5657
5310
576
418
3939
1488
4622
756
2620
477
3055
597
4919
2585
1359
6383
6237
2503
51
5190
4838
5973
6559
2816
3703
3457
5615
1477
6086
5608
3180
2276
6677
5150
3757
5004
1928
2259
5408
1675
6435
5249
4190
2521
5100
6297
3306
5698
3578
1018
3933
3689
1218
4380
1522
959
3004
6780
2004
876
5060
814
4750
3617
5664
4323
3050
2960
577
3968
2701
2301
2881
218
4759
5909
6928
4837
1045
1389
6926
4066
2326
836
6067
397
5868
5731
3768
538
5989
3451
4443
3957
2067
3231
4300
3915
5605
3763
669
5204
5285
4179
6768
2000
6548
4629
4711
4341
6666
4370
5884
1521
2664
2040
626
1487
1003
6008
1697
1357
568
3825
6814
3186
4925
2595
3819
3181
4070
3865
2334
4488
299
2346
4436
6092
747
6556
6055
3700
1051
3287
4466
1024
2534
750
3370
2381
3433
6059
942
6693
2767
4580
5206
768
5622
6240
5718
533
3115
1862
149
1314
5468
1886
411
4980
2132
5181
4308
6706
1128
6370
6393
4836
3400
4762
2789
1188
1351
2538
5503
406
126
5298
6316
5630
1845
4369
5412
3995
3200
3002
6072
6882
2721
2117
6184
3327
4088
5413
2038
3166
1699
289
2795
903
2756
1607
1501
908
1440
1715
5590
5723
1354
1319
1370
2348
2099
890
6989
2612
3480
3074
4957
4391
2185
320
3163
2745
6707
489
5222
498
3653
2654
842
1842
5740
5709
2890
3312
1038
1793
3585
567
3681
6759
2968
3082
5010
4231
5086
1181
1520
3676
2080
508
5320
2572
4876
6849
2409
3565
4546
2050
4519
5865
2478
4637
5124
1955
3697
4000
2977
4136
714
4437
6071
2966
1228
6246
629
6451
6624
6278
5354
1590
2473
2464
1044
5059
1844
6271
2329
6808
5226
6175
361
5650
2826
923
4348
3143
591
2026
6826
3659
157
3526
5574
3481
6196
4534
5941
1960
2656
3225
2452
109
3501
5411
2549
2048
3516
5974
4030
6658
3420
4462
6407
6186
699
75
132
3806
1184
1786
3078
6521
3019
1898
348
3324
5257
2442
3490
5081
1238
3632
968
1802
6326
4709
3105
992
4531
2226
6734
4863
6478
4410
5329
702
317
2621
1575
3921
3820
1625
2951
1640
5737
852
339
6280
2848
292
6053
4315
6532
5245
4900
2181
5620
711
2983
1589
861
6917
2323
490
1620
1338
1568
2227
6537
395
805
68
6341
5167
6224
2739
3141
180
155
4401
3840
4995
216
6903
1201
6352
2265
1754
3243
4168
5217
6299
2796
4607
6505
4079
1213
6846
310
1371
3580
5541
4486
4623
2155
4005
4245
6872
5225
6290
1837
245
4352
1401
1595
6910
332
1657
709
1524
1144
2359
2497
3391
462
4778
6416
1214
3599
813
6110
1871
4081
3679
2687
3014
5410
1299
1641
3104
4485
5159
5902
5280
5969
5895
4697
268
4935
3918
4072
4887
887
6361
425
1108
5055
81
6141
1677
4477
4322
5302
5859
3583
3963
555
3213
5741
3343
1054
4312
867
3113
1686
2077
1486
347
3365
1638
120
1073
1733
6145
1969
2286
3505
6815
2481
3020
5762
4783
6763
723
5841
651
5814
6885
1257
4356
1362
6609
2610
5263
4988
3332
237
6902
5961
259
6953
2887
5809
1564
3735
958
6945
858
6550
1177
2824
5706
420
526
4319
5807
1877
3396
3227
5797
4354
1905
3800
4937
159
4866
424
1408
1864
2018
467
3308
1838
484
2764
6497
1340
6649
4843
5306
1619
6442
1421
6375
3125
256
6570
3508
2568
2013
1800
6633
6402
6453
2141
139
5578
5375
4310
6118
3476
6835
4899
99
305
4219
1695
5588
1563
5952
6436
2308
4732
4905
3721
6364
2755
3588
1694
1783
2016
4338
2843
621
294
4868
2728
5046
5550
3436
2844
11
5259
387
4182
3142
2578
6040
177
1676
496
3517
6344
5621
4210
5397
607
3709
4804
5236
5356
2893
3925
5693
6476
6253
423
2199
2468
5812
5577
1048
1418
909
3024
239
5455
3126
1205
4677
3662
6096
1805
6409
4810
2269
4540
3296
3788
5713
4562
1719
931
225
1049
1757
3252
3958
222
4969
1895
3268
2868
4610
4827
6711
5533
5942
1992
1812
6894
3441
1883
4724
167
990
4176
3589
2060
6220
4869
6301
5953
5707
4604
6011
2862
4178
6388
6657
6723
4396
613
4447
2752
6973
1529
4877
1565
2832
5151
2085
4594
5367
582
3803
5171
5431
1586
5212
309
2964
2164
5931
854
3504
6351
5334
2415
2781
4013
1466
3587
2168
960
5099
6222
4964
1729
4510
2653
3618
5682
154
5959
2591
3023
504
5822
1442
5991
5849
3828
3720
4271
110
4968
3085
4064
3273
4752
4059
5672
4918
4796
6251
5288
4832
3191
970
2810
2430
996
4326
2501
3363
2580
4015
5562
880
2386
6502
4476
437
6319
3833
684
4346
5178
1236
5042
529
1193
10
630
6741
3652
6207
5186
6516
3194
4578
62
6776
5526
2995
2345
5724
6019
1560
2299
2279
1608
3239
5035
2249
4175
2220
1605
6728
4922
2663
2505
6944
4142
2426
837
2354
4992
2156
3985
1806
5270
3479
6621
893
169
4450
3686
5291
128
2240
2670
1317
63
6157
5180
6571
1606
1430
2421
286
4342
2216
902
4330
4324
6533
1077
1333
6314
1904
4406
4825
6760
4283
2785
3793
3405
4851
3569
6400
2681
3754
6714
6128
3848
5469
4718
445
2629
666
2515
4497
1968
4038
3571
3052
6195
5112
5932
3986
4748
4777
729
6337
2338
1789
5419
322
6783
1138
3459
447
76
1769
673
6958
2626
4039
549
4944
4498
4602
5990
708
1722
1900
5113
1136
4016
3095
3153
5472
5385
1091
4152
4362
540
31
4275
6016
5981
4611
6116
2208
3741
1329
2772
547
375
2876
657
6654
1534
695
4120
4200
3650
2069
3593
5900
6159
2959
6659
2030
2958
5389
133
5888
3980
511
6210
6673
3307
5101
6081
3774
163
6701
6688
2827
3626
6653
2504
3604
5179
6198
82
5999
3319
870
4321
6161
1829
4505
4976
283
5049
3207
4626
1439
5566
2055
3901
4763
232
6648
5911
194
6827
4230
6428
2183
428
3250
6782
1324
164
6284
6243
866
5001
3294
5264
2769
3359
3069
6445
3777
2231
6805
4932
3975
3809
4966
3222
2186
5043
5075
5904
443
3651
2296
264
6235
5576
4921
1931
2835
6009
2037
499
6859
3285
2976
479
1926
721
3645
1330
6331
4756
5352
3421
5500
6493
6946
661
4493
3973
4612
3401
5497
5502
5014
5337
6841
207
4767
3876
2657
1771
4008
2496
3193
4118
2513
1731
3909
1243
6418
3067
5494
1903
980
3944
3543
1879
1249
3442
5527
703
2675
6569
4290
3823
270
3280
4514
6774
448
1981
2243
5233
1941
6828
6077
1924
4875
5864
5613
3525
1000
5816
3282
3079
4965
518
5301
2330
3018
5759
2300
3906
2079
6189
1993
1114
1134
4131
1041
3673
5434
3688
171
3858
4990
1110
3137
6901
4103
1232
2385
3970
6777
5095
5828
1244
2391
6345
6971
6562
3927
4639
3860
1531
4123
2733
3835
945
2404
1295
802
6695
1996
5162
4600
1118
1527
6881
4906
920
6634
6843
4577
4279
524
2706
507
5089
5448
3465
3470
2058
5750
8
5835
1942
158
1013
5695
4006
985
6343
1222
1284
5661
575
2648
6194
3161
1350
2353
147
1835
5370
5579
5798
4537
6192
1631
5262
2873
2805
107
6306
5725
6598
6802
2387
3349
6084
1587
625
3097
944
1179
6930
1809
1781
5519
2241
3910
4815
3413
6898
1788
2631
6924
6545
744
4473
6080
1961
6508
5443
6905
2800
1707
3646
819
6886
43
5702
1251
3608
6295
6602
2761
2207
6766
34
4515
1248
4715
3388
2899
5289
2716
198
720
676
2762
6725
6994
5964
5712
26
585
6252
2553
1519
6913
6124
4916
6878
2157
3240
1705
1552
3128
3533
3463
5429
4924
4793
6182
3682
466
6567
2904
6755
2023
5556
3576
6858
6203
3209
2821
1618
5885
4045
6650
4257
5085
1774
2597
2010
3255
1938
5234
2376
5295
2775
4355
4766
3407
2644
3447
5734
2525
783
1463
6423
58
3924
243
3870
6534
2703
2264
4367
6424
5420
2169
2618
932
6024
4284
455
5523
1958
77
1267
2991
4351
442
6865
6528
722
3392
602
4652
6513
4774
1207
3982
6264
2632
6671
6543
914
554
4431
4286
3595
6920
2278
1698
6376
3344
5752
5163
1865
5977
6100
6752
4653
3278
3727
5783
272
1950
5799
2325
5102
1170
282
6149
4642
2120
1028
5457
4679
4713
3175
829
6013
948
4618
6030
4725
1581
1347
2891
4026
4694
1206
32
733
2002
2945
1479
336
3112
3685
5770
2902
2222
560
3292
5339
6840
1146
4884
4288
3127
1268
4053
3934
1289
3866
1292
2914
769
6592
3068
3083
2793
2531
2897
343
6168
2812
2053
4487
4316
6062
2714
2851
4309
1468
3643
3672
1919
5363
449
6520
6332
6791
3592
1994
5322
2150
4572
1780
688
534
3003
183
4295
5618
1043
1885
4194
1411
1381
1053
2720
3266
3148
5545
4101
2128
2573
6486
3488
4440
748
617
2565
653
4521
4781
5748
2210
2261
4353
1391
3036
5767
1784
6792
2932
4018
6181
2768
806
3623
3026
4358
2636
4523
6799
3444
2997
6353
6980
3503
3567
6213
3739
5593
340
2294
2194
244
5319
2149
1660
916
3034
2693
4017
1634
6968
2808
6169
2413
2724
3406
3702
4479
2097
6349
5775
2104
2828
1272
3425
1343
3837
4693
2148
3454
875
4548
4360
5279
400
1001
3460
3123
4287
5624
1089
5946
3534
401
4765
2312
4296
717
318
823
4197
5415
2375
6
3199
1688
5133
3156
24
4770
3430
6639
2001
1117
1656
6869
2350
6142
235
2542
1502
6003
6797
3919
6156
6822
5483
3056
3399
4412
6087
1278
3586
665
1851
5107
6803
5330
1977
1880
6568
48
3216
4820
5248
2369
1693
2119
413
5006
6603
5728
2941
2855
1782
6983
1172
431
5717
1075
5529
1785
4385
5662
3325
1320
4576
1471
6180
1007
6229
5666
3119
2944
4667
4638
1178
2389
2297
2955
910
681
894
238
1957
4858
2365
5250
982
4789
5303
6991
3613
3047
5867
4129
4812
2738
2305
999
5153
727
3871
4504
3053
5744
2448
4475
3139
432
2581
4751
5966
4426
4878
5515
4213
2238
4950
1685
6987
2741
325
3475
493
1826
2917
6733
3764
3217
4914
3058
5687
1630
6788
6049
605
1956
201
188
1240
4889
6778
4482
1431
5450
2175
1979
4689
2176
5318
2356
2603
5887
3219
3326
5675
5880
2930
4813
4649
2547
3811
6307
1840
4246
587
4520
5314
2561
67
3705
2980
1506
4282
4289
3419
2554
212
4183
5393
4682
5123
4133
4657
3582
4217
609
323
4955
197
5853
3171
6880
2102
2685
1925
204
2885
6863
1313
1454
6854
3468
1614
21
685
6731
4740
3283
6697
5168
5445
2152
1974
2049
4143
5967
5238
2486
113
3500
5392
1417
3784
3680
1368
6282
6906
6606
1301
5866
3355
5036
3555
6501
2804
4264
106
778
6551
1709
4560
2455
4845
5436
6668
3804
6426
465
5703
6083
5384
2787
1882
6447
2138
4425
6884
1008
5277
4137
6943
4329
2947
6712
6018
469
3731
3611
6870
3776
2453
3747
5345
690
6039
5558
5465
5132
2874
4758
2811
3531
6212
5453
2694
6131
1690
313
5271
6821
5045
1472
5161
3439
5141
4318
2782
586
3782
4156
5694
5658
1911
3485
4749
5998
2686
1623
972
4464
556
3210
5784
3691
801
1700
6396
3836
166
1328
2884
3471
3603
6699
60
1327
1323
5532
1701
5041
5908
4981
4641
5422
3304
4277
856
1550
1097
5855
5205
4903
4691
5518
3817
3647
3146
1298
4333
6530
4261
2008
3562
6753
4780
5115
6523
5284
3021
906
5883
4923
1067
2342
4977
5995
4228
25
2671
2331
4112
5321
5142
6335
3245
5876
3348
3381
679
6683
6336
2524
4808
4645
6578
6228
1022
3892
5244
5683
3529
6938
3229
2153
3988
535
3521
1554
4127
4453
6874
2822
1154
3998
3695
1413
3640
1220
326
3432
6171
5774
4839
1633
5316
3513
2283
333
4158
1654
40
1210
755
4187
1967
1914
2158
3628
4605
5645
671
619
3765
2981
6348
6811
6986
6563
1005
5920
4146
6617
546
6745
3494
4215
1765
3885
6996
3264
758
6613
1057
4442
2584
4934
4661
3329
6098
5984
2288
4378
1766
1571
1732
6311
745
3953
624
6895
3275
4010
3799
495
5256
6638
6961
2583
4285
371
6206
6386
3376
1032
1085
1551
1804
342
1046
6431
3254
3532
1390
5276
4982
1052
421
542
892
977
2604
2611
5215
6330
1475
388
528
1982
4951
929
6391
5850
84
2600
2382
4054
5582
3007
5730
731
4533
1723
36
4654
6304
4892
6401
1494
2628
2178
6178
6470
6177
644
2540
6941
5025
1549
6474
6434
5659
1591
6998
1308
6244
807
6471
4926
5061
1385
5609
1504
6916
3596
6320
2093
4191
3409
3717
5629
2471
6197
2135
3135
5032
2778
3802
1492
6794
2434
4098
1936
2952
5863
4614
3208
557
6429
1204
1770
891
1274
4735
452
611
2999
4297
1629
4313
1626
6479
4545
5901
6667
6586
3198
297
3743
5773
3748
5813
4014
3293
5135
2569
5482
1669
4970
3547
2469
5753
6054
6590
4258
2113
4659
3597
2909
1088
5603
5589
3408
3573
5369
6385
2064
3683
3698
4627
6584
3730
791
2588
6789
5201
1056
4593
4082
2088
4110
899
5430
5327
3572
1901
2106
4621
393
5583
6957
3966
2649
572
532
6489
5758
1325
898
5739
5449
4592
4517
1516
3955
247
6566
5340
3090
3996
1815
6378
5794
2790
64
4340
2813
2302
1818
6925
4451
3898
49
4855
1929
5962
5686
5223
883
470
766
170
4714
39
2355
3313
4470
1318
2341
3722
6465
1852
3259
5653
2451
2731
1890
6616
3797
1473
2339
3575
6933
3535
5084
872
5109
2163
5404
4009
3164
646
2559
6641
1973
200
5994
4880
6329
4224
3783
700
1767
5243
2137
3065
3845
3775
1394
2576
5252
3796
3022
5027
6670
4086
4345
2994
6412
2971
103
6048
4368
6127
4883
3195
5213
6342
789
1792
4822
6390
6575
6155
4603
5220
3789
6022
6205
475
2115
1592
1795
1684
4590
6664
2673
1402
6871
5058
1509
2366
2457
3157
6443
114
1555
3656
3875
6467
3904
5993
6267
3993
1970
3801
5118
2450
4907
354
4022
4522
6050
5022
6137
827
4703
1870
2879
6258
5722
5239
3868
478
3063
2652
5184
6152
4933
1983
6173
365
2550
5943
796
4867
5514
6985
3116
3220
5136
1916
2436
608
1682
4676
5570
1259
3393
4509
1811
2411
2651
1858
6112
485
6162
5471
1645
175
4862
217
6929
5531
33
925
1405
2424
3812
242
2801
4494
2420
5685
6966
5052
3124
402
895
5649
3935
330
949
3855
2757
3900
4608
5317
1819
830
1569
3671
4153
1195
4983
5521
1674
3045
3687
2234
307
672
5549
1498
5230
5485
6010
1772
3173
6491
3983
2076
6856
6887
141
1063
3151
6394
2321
6268
6347
5126
1658
5791
5987
6515
1702
3598
623
1998
4157
5359
4387
4911
5642
1601
4536
5985
1250
3758
5878
2677
4408
4973
1876
2419
2165
1455
2903
300
3769
3728
98
3923
5394
5817
1663
2449
4404
2045
640
5988
4265
5315
3290
1893
844
5154
3196
3549
983
2273
4742
412
2517
4535
4985
3666
5433
2197
6450
5540
614
494
6129
6546
4375
486
2272
3882
6021
384
691
6918
634
3204
785
4254
6085
5258
2639
471
935
3594
301
2742
4575
5464
6807
6115
5079
1422
6798
1084
6561
4873
5175
3834
3249
4502
6593
6366
6861
1721
2985
2680
3706
2246
4840
3753
6318
4589
4699
1540
4078
6308
886
4041
2624
5188
5391
2794
773
2920
5971
3563
2490
1751
5845
6406
4734
716
2953
3956
1262
3440
1854
5120
78
2969
788
5879
3694
6444
4786
517
353
5296
2159
2512
4721
706
4733
1566
3247
1101
3232
4111
1646
6475
3118
4071
4105
1997
5802
2557
5796
2114
2592
6408
2609
5604
1827
389
2095
6257
2539
2277
2221
1505
3005
3897
2967
1293
1791
5197
6955
1441
1778
6573
5625
6485
5729
73
5637
3896
3145
3813
5274
1624
6274
5096
285
215
5681
28
2218
2224
1737
156
1874
2492
2479
6655
1321
4741
1747
2586
566
5282
668
751
6138
1739
3331
5982
6605
947
864
743
3300
912
2332
4020
1105
1841
4665
4259
1199
1743
6779
3557
2798
5396
3522
6817
3893
2788
1109
3552
4847
3233
5192
1670
3902
3942
2871
3945
6216
2493
516
5825
821
6339
2363
1226
6044
5916
6511
881
1102
6482
5011
5894
2170
2467
4647
2390
6150
279
3203
480
6690
214
6564
5395
5719
2236
2403
848
1946
5462
2875
689
963
3170
1303
6963
4042
3060
1460
3742
6772
3351
637
1496
937
450
112
3929
1470
1395
1410
2262
2990
563
1286
818
2982
3101
1434
1672
2545
5328
1037
976
724
978
1092
5641
2526
5573
4457
6421
1304
654
57
53
2361
901
810
5093
350
1121
2314
2987
6029
22
1988
6552
3822
918
3847
828
3979
5960
5980
5149
4004
4248
4001
4716
1352
6558
1182
5923
1356
5970
4672
3496
4335
4674
6292
4834
4238
2511
2949
249
5286
5732
5914
2145
4841
6764
19
2074
3218
5053
6483
6410
3071
5715
3524
800
1122
2380
1652
3311
458
5660
5094
4024
4891
5833
6255
732
5790
551
5454
5242
4833
6272
2054
3030
2498
2480
468
969
3362
1160
760
6481
6864
2918
4739
1945
2474
497
6334
6020
6473
142
3984
5538
5376
6950
2343
1094
6459
2039
1831
4124
2527
4160
6499
6315
4057
6456
3787
662
835
6310
3006
473
6360
2405
5780
2476
70
752
376
315
2211
4518
6698
2894
1127
2370
6449
134
5800
615
5278
1266
6637
5839
1576
3638
6949
6457
6372
3092
2044
4076
642
3574
6425
509
6346
284
1071
2177
3182
1276
1135
3098
2458
5897
2818
3946
6289
355
2566
3428
6309
6954
5688
3404
1237
1523
4670
3008
764
2192
6939
4651
4768
6896
4055
3371
6249
3262
2437
1093
4802
2936
1888
6907
3334
3341
4583
3891
6136
6800
2784
6897
130
1813
3719
1143
5261
500
2336
5424
3038
6317
930
6825
6422
965
3841
1562
59
2460
1776
5818
6321
1868
3389
5710
6574
1448
3843
6527
5921
280
975
1753
1261
2009
2863
6773
335
612
3484
4371
4620
1344
6914
5749
4293
4795
647
6509
911
6046
6160
3075
6488
3947
6193
5836
6218
4660
3839
5082
5024
578
74
6496
5745
2869
736
4597
2407
3274
5619
797
2715
6730
841
954
4302
328
6721
1407
2083
373
799
4029
645
1476
1425
2423
2139
1897
4684
3790
4037
6594
2397
1768
3013
5601
4177
3884
5489
6635
1482
4864
6977
5631
3048
1457
1583
3159
1174
3070
5936
6248
5116
288
5480
2440
1290
5561
2723
4416
6940
6623
3398
4065
1803
730
4755
2014
6357
4506
250
4150
5016
2219
4658
5009
2209
3347
3826
4048
3894
952
2337
5677
2996
360
6261
6143
4817
6420
396
683
3990
3314
3258
664
1070
3426
3540
3321
5510
3994
4960
981
4166
5111
1443
1386
4695
3100
4399
4644
1086
973
1009
5781
6555
4002
638
530
5539
14
2729
2147
2024
1909
6890
5134
1972
1348
4031
5033
5452
1335
1622
174
3878
589
2042
4211
4400
6951
5231
2179
3374
3121
1190
4349
2
817
2776
5228
91
1678
548
6088
2127
4650
5005
1989
6888
5764
3379
5907
422
3017
4339
6047
2803
1372
2634
5785
5501
1297
1708
5304
3491
2774
1801
5857
3773
512
1119
994
1579
1099
446
1064
2516
2658
3601
1577
704
2414
3322
622
4361
1050
6036
4394
2927
1194
6672
4007
2548
2532
4503
1947
950
4972
3615
5066
6557
1258
3197
4393
5221
4897
6355
2613
5119
3693
6455
4060
1615
4872
41
1671
2692
4390
2970
6452
590
3000
2833
4357
5348
4886
2123
1191
4350
4989
6891
6866
427
1400
3675
1396
5929
2815
3445
5701
1069
5754
3472
6117
6288
1409
202
6227
6544
4021
6795
1820
5555
6395
4685
1599
2107
5860
1111
6510
966
221
1087
4640
4449
2360
6785
5325
4705
369
2574
2418
4456
2792
278
6829
771
2217
6065
210
1728
1106
1171
1426
4530
1489
1948
4061
6758
3493
1635
191
146
3455
2031
6988
955
2267
4225
5446
2702
6549
5584
4448
5466
338
6006
6325
2245
5509
3276
2676
4043
4395
3497
1152
6214
1002
4567
4792
5976
6995
6091
5692
4998
926
761
6061
5493
5057
1291
680
3185
3031
956
3033
5890
482
3612
1353
1458
2250
3887
5933
2708
2709
3912
312
1978
3257
4298
5196
306
3061
4242
2112
4512
5398
3450
4700
6056
5063
1209
2412
1212
150
5751
4686
1834
1398
6358
4885
2577
5050
2506
4579
1662
2032
3530
1155
850
4291
2509
6900
6120
5955
3602
675
266
2807
102
4811
6165
5098
1703
2034
3015
4144
5747
1175
4372
5669
3152
4126
1241
6114
6547
3080
3625
1255
4524
436
3883
3711
6738
1512
4668
2280
1151
6226
4816
3737
5185
5018
2229
4162
1142
5761
1849
2950
6942
6144
4979
3009
377
5893
1065
2089
4417
4948
4754
3678
4871
4941
464
6833
4116
2758
408
1758
3842
4606
1807
2368
4616
3634
2071
5870
2939
6167
941
6506
3710
5353
803
1079
3859
1860
5383
1878
4165
1869
4701
3064
2318
913
6922
4240
2838
951
2946
6031
5906
558
44
4831
5765
6646
2860
1574
2814
2908
327
1666
6541
3138
869
2596
6139
6045
6472
2563
324
2394
1116
4628
3633
290
2133
1949
4772
4184
1896
208
1598
2567
2166
1546
2590
1490
6816
3394
4096
1643
4547
5260
5646
4738
4723
4726
710
595
1866
4229
187
6524
3263
5820
6377
4538
3108
4428
5516
5882
868
4134
1260
6305
3570
5174
4698
4882
4596
4555
5305
3792
122
6413
2627
83
1341
5335
1937
3704
2579
4853
4912
2309
4773
1234
6876
3054
5140
3011
3190
5002
2895
4384
3414
6756
4093
2182
5777
6931
6111
701
5919
4953
3736
2228
4496
123
6460
1098
6839
4702
6191
4939
4084
2445
3387
5083
3382
6847
3938
5951
193
481
3981
1256
3302
2867
4467
1263
6270
4806
4830
5219
2697
1447
2061
6211
2779
3637
4956
5047
4195
3301
4801
269
728
2888
4856
457
6875
2923
6379
2906
4646
6441
345
2616
4272
6889
6026
1759
5418
54
6519
303
3248
5405
454
3176
5949
6302
631
1917
6223
989
2373
4961
4728
1173
6720
2377
3960
1445
2263
5417
3482
1907
4761
5968
907
5158
1345
2747
6625
4997
565
905
1147
6057
2358
263
2864
6908
178
1369
3674
226
2845
3772
5478
5934
765
6681
5012
1270
1074
1526
4389
4405
1360
6747
5704
3590
3808
3212
2986
1107
3150
735
368
3076
1378
5195
3849
1130
4803
1058
583
144
2582
5957
6312
5639
2162
5148
4554
230
4332
3317
2311
4365
1922
6300
4557
2725
4363
1322
571
3512
6494
2290
4239
3377
403
5654
1749
2357
2019
6879
6669
2172
3130
1082
1239
6787
3663
5070
2954
2266
265
5591
6078
1203
1055
6363
5983
584
6023
6990
5716
5040
1999
5403
1499
677
938
2028
3665
1061
4999
1149
1748
192
5183
5379
6281
5670
6323
88
655
439
6919
6380
4615
2840
4952
1062
108
5068
2880
5595
1010
4874
5229
3281
1469
5214
4164
101
241
4062
2494
5892
5364
2255
6965
1449
2205
3297
3677
601
3715
5490
4433
2187
1711
1964
3649
4186
3340
6868
2543
5647
545
3519
5689
3416
1462
1103
5400
6585
2184
105
4489
6367
4586
1887
5210
6694
596
5552
4720
3353
1927
2732
4196
3751
2143
6904
3654
6704
2802
2189
1991
2212
815
4145
6587
6618
4104
6296
4656
1312
2562
1725
4920
5779
2915
4204
6591
6682
698
5071
2257
5634
1036
3539
5332
5152
936
2206
3498
4542
2859
5476
879
1153
2173
2136
5607
767
4455
4984
6749
3238
3550
4898
3591
1779
6340
6438
5935
1337
4499
5399
5763
2679
2743
5842
5638
252
1691
4500
5169
3395
6842
3872
4249
5350
152
2372
2698
219
1822
579
1021
3162
2349
3091
5937
2691
5343
199
5407
314
6200
6576
1603
4854
6403
2094
6608
5240
1307
3559
719
3607
632
2443
6417
1664
6440
4294
42
1311
4484
6726
5218
1200
641
5548
6526
4478
6097
3708
855
4397
1363
6582
1231
519
1649
5610
1495
3122
4946
5138
1491
6992
6781
1817
6458
2530
4138
4080
3771
3657
483
1221
488
3342
5652
6327
816
440
3051
6399
2645
658
2546
2466
1713
1853
4407
682
1912
4159
2146
5811
917
3821
3158
1627
4247
2963
840
943
6972
6597
2870
6484
2882
4280
6757
2425
4844
3299
4415
6359
124
394
4388
953
4273
5520
1718
2533
4040
5711
168
707
5635
1518
6715
3160
1810
3514
2856
6446
1528
616
1940
6074
5477
3641
5858
537
1416
4274
3167
2605
2454
3619
3129
4344
831
4250
3668
6525
2760
2401
3211
834
1548
2100
4799
2086
2601
3579
4185
5832
6371
1724
6398
3766
6076
5199
5074
4077
2151
4432
3131
2036
6713
2188
6627
598
2839
2242
1828
784
4987
663
1913
5312
1665
4237
5815
1399
6517
6256
2328
2823
2388
321
561
5896
1464
2202
1081
3712
1764
4565
6247
1647
6017
5727
6554
2878
6464
2622
2041
4218
4303
1836
1910
6836
6466
3658
633
1161
1446
3889
4624
15
3368
4172
4468
2215
4095
1230
1016
3746
6279
6662
1561
5463
2726
1847
2191
2352
185
4779
138
4717
2962
3936
6041
5193
5508
4558
3895
2491
2942
4402
1133
6368
4910
4507
900
3236
3369
2528
5377
1821
3511
510
6492
1867
5848
5331
4807
2005
1006
4525
853
1986
1187
5571
2056
6705
5958
4359
5537
1215
3838
2877
3545
2379
4495
6333
6236
184
3318
5333
1096
295
6535
5905
3028
5143
6611
1987
3969
6239
871
725
3132
2852
4492
2046
649
3106
1436
2362
5131
787
1287
4180
1679
3339
3759
2043
3961
6033
6285
5768
6665
513
536
5209
885
4527
4226
2719
1025
2850
236
2866
628
2154
5283
4460
2140
4267
4270
5139
3850
6075
1763
5939
1404
4097
6857
2614
2722
3346
4842
92
4067
3867
502
4704
29
3962
47
6518
1166
1428
3991
6538
6147
2829
3215
757
1944
3636
5714
2938
6540
2052
3948
1585
4422
5064
636
1881
1334
1760
4532
6652
2519
3798
5382
1935
6298
4201
506
2121
2905
3670
143
1706
5522
3844
1023
4662
6804
2696
1141
2392
4050
1735
6082
4513
846
6238
1198
3564
3767
2410
45
5147
4094
5267
3749
795
2972
273
3750
6976
5491
2274
3062
650
4343
3039
1124
374
3880
5760
2956
5273
1326
1976
5861
6644
1112
6221
351
6313
52
5326
2943
2857
1971
3286
281
811
1456
304
5202
5721
2973
3360
5121
6250
2400
6387
4441
6058
4382
974
5626
6495
2825
5438
5444
4347
385
6993
674
1525
6106
6702
2087
4787
3174
2315
1954
4117
260
3864
6850
1253
1875
6199
1777
2251
1004
1683
1196
3378
2556
5428
1180
453
6769
5945
2396
4553
1859
5189
2847
4564
2570
6622
6964
5680
1642
6952
1545
6853
3620
3648
4046
2082
4861
1689
6183
3554
5241
4074
2108
6596
5644
6642
5146
4424
3913
6647
2003
5580
3507
779
1189
2979
939
2638
5459
4595
6490
1507
594
1429
2763
6674
5254
5108
6151
255
2934
3829
5771
7000
1339
4207
5551
4373
3461
4170
1060
341
6651
6877
3502
6838
378
1309
4688
6579
4974
6844
5427
6208
774
6102
3556
5787
386
1742
3303
6263
5597
2560
6818
4681
3474
1500
4556
1042
1899
3714
4472
1661
2015
660
501
1113
5324
4949
5129
3605
993
94
2130
5592
4459
346
4452
2834
1437
1906
4244
4551
2661
2599
1157
1367
5308
6463
5380
667
5606
3943
6771
3696
2105
111
1538
4421
5028
6831
4135
1497
1717
96
2131
398
5963
6855
1202
1076
2926
5265
1692
240
6678
1483
433
525
3453
809
5928
3366
6967
1242
4108
6405
5172
2883
6580
2660
4307
4087
5361
2124
5899
3830
2198
2872
2470
6923
792
2006
4516
2282
6233
4193
5020
6113
1031
2900
153
928
3189
1208
415
5207
1863
6615
857
6978
6837
2292
5782
4692
4508
5525
3361
5309
5290
5940
5017
87
6719
5495
5297
3888
1176
1388
6188
5069
4663
1068
6801
5374
847
3093
1610
4902
4233
302
1185
6911
3221
6947
2161
2647
3967
1503
487
569
860
291
189
5176
1375
6286
2522
1798
1275
5671
5824
6675
3172
2160
1186
1229
4003
6722
863
3337
6512
1163
233
3818
2594
2065
5484
2022
6718
839
441
2395
1823
6832
3610
1165
5182
4708
2861
2035
27
2230
3456
2598
4317
3770
1365
1145
888
2849
1167
2606
4106
4480
2316
1746
5194
4223
1962
6241
3241
1017
1414
5349
5272
4775
6119
1510
6132
6374
2672
4490
1033
1644
5684
3035
3827
3786
3464
5572
6830
6934
4114
3449
121
17
4148
3911
5473
3110
4584
1593
2682
1856
4975
472
4169
6322
4128
6269
356
1939
3861
5614
4993
276
3230
3040
3136
2961
6742
763
3478
1814
1217
2786
3102
4782
3261
1265
3357
2558
2641
652
4085
6851
287
4550
4585
1277
4879
6860
606
2239
6133
6028
1376
878
316
1712
5166
3424
1346
6103
5246
620
3446
1358
162
293
1484
5077
4173
2754
1393
4971
6737
4852
6921
3718
3244
3411
2727
1730
849
1726
234
6767
726
2384
4986
258
2485
6599
5869
4930
1543
6094
4198
4581
6979
5720
3862
5145
6820
1727
5585
1650
5198
3402
759
4744
5475
5821
1072
4745
6560
570
2285
6060
2196
5810
1892
4125
1227
1959
3403
2837
503
5924
6172
541
6262
2459
6002
6369
5972
2195
6068
2432
1611
1542
2619
3235
5338
6679
2705
35
1602
4784
6430
95
3099
2820
1990
6190
2748
2253
3699
4609
5598
3854
1604
1039
5456
5051
6761
358
3087
4859
1557
3390
5726
5553
5956
573
5388
3542
3630
1406
4962
4635
296
206
3815
2237
2541
30
329
104
5292
1306
635
6796
3952
5575
66
4678
4374
3600
1035
6126
5910
4413
1419
5373
6959
3622
4710
3725
6500
1366
115
2806
1131
5087
2514
737
984
5416
4121
3520
6042
2488
274
213
2463
1857
366
3328
4940
4927
5663
4263
3184
2204
5300
3732
1787
1150
5643
116
4826
5409
2635
3950
5038
3253
4174
4908
4791
2201
3335
5164
4234
4731
5827
5072
1474
2303
6381
1197
5535
2307
5690
5665
6581
4262
3971
451
4102
2435
3354
426
5568
4268
4328
2327
6732
4418
1710
1245
4140
1930
5826
5506
6969
4047
5232
4461
1104
5808
3959
833
2666
4809
3081
4438
165
16
6328
4181
3046
3044
5856
4539
3192
6437
4232
1383
2699
3606
6069
3824
740
5015
3642
6619
749
2637
6729
610
1639
6915
4023
3427
924
4149
4625
6038
119
3149
6283
2587
4305
559
5633
686
5547
2830
2335
1280
4208
3937
4895
678
6824
4764
151
1673
3941
2684
5651
1302
4996
5846
3397
1750
5567
2544
2017
6276
4599
