598
7463
1953
1447
5270
3301
420
5554
867
7636
1264
1518
7703
3179
966
625
5923
5361
2377
5108
4176
293
3682
6370
1030
4309
4068
1116
3961
6125
2852
302
6110
6926
908
443
7104
696
6657
3607
7578
7536
6278
7028
3560
4295
3336
5235
5834
5878
1398
1237
1533
5346
7235
91
5669
6845
4669
1767
7444
3348
4159
476
2301
3264
5405
7178
5508
686
1293
7604
5919
3994
7953
7799
7237
2429
5221
4578
5188
6018
7615
7266
7218
2497
3400
3953
5355
4144
7710
7502
3808
1476
4673
1083
1927
4852
1990
6115
6033
4927
1006
5948
1098
3947
5356
5399
2876
7779
7190
2271
6826
3960
4078
6795
4148
5577
2392
4057
3989
553
4001
1715
635
3139
5245
7341
2349
5592
3507
3755
1140
4254
6076
5995
4608
5765
6495
4308
3410
6808
5294
3963
69
2246
2932
912
6189
333
6199
2632
7881
2327
4114
1363
7258
7208
184
3016
1501
6691
2663
3426
3367
5448
2661
745
3175
4071
2451
2822
4154
4368
6213
2039
903
3376
1275
684
6765
5021
597
7777
1806
2003
2768
700
2667
3715
7815
4427
3470
6572
1843
1963
973
6298
7939
3497
6480
4113
7256
7003
2739
4999
4570
4175
6169
3572
2688
5559
584
375
4641
7920
7282
2200
6973
2438
7253
3756
4454
3878
7545
1622
2185
5253
1492
6141
815
1212
265
7230
7522
1266
7471
5012
2456
4862
5588
6563
6458
7181
2892
872
3926
4045
4399
2982
7099
4181
3101
5850
101
6616
2094
6434
7767
2901
7941
7634
3313
1473
4676
5272
1969
4452
3227
3982
2898
6791
4895
7825
1611
7426
6328
4353
7402
6999
7562
3845
3085
3213
4937
3875
6510
7167
1227
3377
482
6390
2825
5279
262
3084
2040
5924
6903
4420
5973
503
5582
2153
1087
3029
1399
2174
773
1604
2077
746
637
1470
2149
2465
6233
3674
4087
5360
2889
5274
2365
2691
5218
3094
4060
7011
890
2574
3079
2314
1233
2761
3906
4334
5256
128
3894
3752
7572
6342
7593
1336
1193
1333
5746
6376
1200
3962
1009
2585
1248
7760
3064
404
1118
4143
805
7145
4706
1584
5189
3157
6255
4587
5227
3123
578
7367
7493
6764
3001
1295
4697
3345
1474
7672
7670
6029
7408
130
1042
7680
2799
7479
4508
276
2851
1267
4138
4868
748
6183
5244
754
5946
7633
7447
1393
1376
3423
4905
4031
4100
3323
4432
7342
6122
7639
5865
6719
7067
7784
6264
7071
3741
7321
3596
5162
7398
1124
4786
7264
2923
4380
907
1950
61
7203
2935
5205
2157
6969
5715
5030
1555
7581
6371
4846
7535
4738
2023
5640
4864
5517
27
587
6246
2387
1121
7807
2204
4349
2260
5789
4324
2412
6938
891
7521
5707
6663
2773
4656
6340
4836
3035
6870
4204
3215
1995
6251
6148
3976
1358
7548
4539
2518
7379
2354
213
2534
5312
5151
896
2018
4038
4530
2132
4374
3380
6397
2918
709
4529
4661
7524
4298
3350
7600
4393
7457
344
5352
280
3259
4089
7316
1893
1510
4292
7850
4011
250
7310
421
7700
6117
1097
7243
3390
4383
4047
1929
3866
4012
2420
2697
158
1462
3003
4687
6511
3600
1823
7160
92
2788
7286
4506
1692
4343
1755
901
7823
275
6439
4620
7371
2422
1813
4182
120
7250
7715
1819
4992
1716
2703
6837
1047
7618
2261
845
1221
366
3941
6460
1500
3076
5697
2241
3145
751
7896
7425
6364
6338
2630
1753
1714
1236
4360
1560
1017
5249
3965
2756
5619
2675
5016
4406
6683
3651
6059
1960
7289
58
3769
6005
6011
5553
323
1377
7761
3879
573
4729
7211
43
3505
4884
885
3956
3266
187
4971
3978
3492
1192
5904
7917
7909
2642
5045
3030
354
4623
7482
564
1698
3142
107
2138
7391
3312
1956
4010
3713
7596
2681
3152
3038
3263
7006
6874
5776
1448
116
7568
7864
7560
5708
1868
210
1120
3582
995
3841
3585
6166
5475
1249
3792
7738
7887
4386
1369
7583
1059
537
5979
7299
2108
3288
4445
4447
4988
5111
3055
7144
2331
2880
7111
2800
1343
5040
6668
3573
5871
2863
3831
6635
6851
3606
3992
3510
7150
6081
5817
7098
6630
4908
1496
4046
3180
4126
7732
5831
1213
6099
3057
2634
828
4711
4981
6815
1810
1456
7631
7669
1331
2559
518
3011
7955
4178
2517
2139
2964
1638
2500
4392
4042
7127
2432
6163
6533
3452
75
6633
4058
607
3220
715
2903
6164
6567
3527
4890
1310
6462
62
3353
622
3689
6377
4417
4681
2357
7292
2955
6676
4288
1308
6299
1749
963
4033
5290
5824
5319
5606
457
145
1232
6020
339
6698
6752
6259
4491
3632
6017
658
4332
5462
5862
4448
3562
3315
4173
5419
431
4394
5454
5928
3097
541
1848
1730
3781
6243
2493
1569
5988
7192
3183
7366
6948
1557
1408
7800
5304
6835
2980
742
5843
3372
4712
4198
5223
762
1786
4277
7863
4129
7377
3533
5433
2708
2437
5485
6354
4502
3681
1224
39
4020
3049
5232
2031
4081
1992
4253
1629
2806
7356
3973
7693
3584
4860
4847
7842
4243
7625
2242
1780
1404
3888
6171
5683
45
4249
300
961
3837
6479
5967
2633
33
4219
5634
1902
926
5797
5655
4790
7660
7121
7385
5165
3168
2706
1108
1063
2911
2280
5267
3083
6688
256
2240
7676
5315
3489
3034
7441
1562
6161
479
3869
7035
960
5653
1458
6003
550
117
6756
547
4121
4534
5450
5874
4680
2587
2606
683
6841
1880
4328
1286
6834
6097
7419
6720
3463
4563
81
6607
1091
4104
5453
1666
4245
2553
3270
1527
7817
5642
2835
3813
5905
3590
1058
4558
858
2182
6978
3043
7749
1513
3700
4572
661
5782
4625
5250
6529
6955
3601
301
7750
7051
6823
5727
7637
2028
2676
306
2137
1687
4550
2702
2164
2282
6573
6411
4293
2973
5997
6518
3340
6986
5051
22
1675
4746
6156
3907
2007
6453
3520
3673
3493
5178
5802
4276
1090
5472
4950
3646
7452
6896
5607
6687
2336
6187
7533
5573
7430
7975
1768
5010
831
4350
5854
5282
4172
1888
1254
5686
2599
5724
4378
2747
2532
6679
534
2981
4725
500
1745
1948
5283
1932
4628
3667
5367
7074
7120
4193
4073
6323
2076
7559
2677
5966
780
1352
7101
2415
5091
4542
7897
6857
3122
7977
7045
6982
4672
1833
4479
543
3570
938
4461
5092
1285
3466
6868
7255
910
215
6071
6263
854
6379
1976
98
6176
6253
2778
2411
5209
3479
4357
3936
7473
7913
7508
2258
1620
5869
7658
2118
297
802
905
6092
4872
3279
893
4007
4512
2828
7102
695
2641
5498
5589
2550
6891
7388
3425
2770
435
726
2803
933
2836
7207
4662
3105
2742
5190
1657
759
3817
7705
5805
6681
4034
5154
5052
757
6888
5695
456
2466
1980
2936
5829
725
614
7603
915
4376
5792
6052
7401
4190
5136
3067
647
1827
5280
5078
4907
792
1643
4734
7364
7096
3498
4877
5532
6614
7131
5054
3054
5759
1778
7219
5734
7621
6717
3501
4235
3550
4116
825
7999
7512
1707
4888
7297
222
26
5898
5732
5430
4290
6644
2927
5964
4236
5122
4565
7184
3299
3210
2929
7685
528
7733
3802
7580
1072
4250
7895
6715
211
1756
2639
6173
6842
923
690
2092
471
668
6212
191
6436
1541
3032
1532
2508
5195
975
6543
7271
1747
309
2245
7818
7456
4462
6551
1512
2335
5354
935
2343
1982
1029
7691
6565
287
5088
7520
7329
6043
7731
7902
2063
7239
7206
7997
1421
7516
1321
1700
3987
5394
520
871
7462
6488
900
5551
2976
3321
6345
6372
5059
3990
4839
942
3919
1441
7966
2264
1204
1099
2391
7990
7465
4849
1281
72
895
5852
4225
5713
3444
3166
5093
861
1890
1898
1946
6744
5497
7736
2870
2602
3782
5482
5176
5716
4805
1922
4005
2925
4174
1602
1198
4093
2305
2994
6710
7694
429
1874
7470
6131
144
5363
4472
382
1713
6757
509
4568
4735
6388
1550
6899
4316
5456
7156
4102
1697
3935
396
3696
6912
7987
6960
981
5673
5626
7140
6207
3178
2243
2893
89
5031
2478
5069
1600
205
80
2069
3644
3209
1164
3476
3283
902
5566
977
3627
2812
551
7991
7635
7968
970
2216
497
1490
1384
1292
7348
1851
7415
4251
7845
5980
2433
168
6849
7989
1640
2943
7064
7790
1416
3047
6709
7805
4838
4142
3294
5510
4521
30
7486
389
1856
2827
7571
2680
2672
7708
2374
7797
122
3161
6647
5515
2114
849
2990
4503
2832
618
6580
7801
2687
3812
2613
4079
3703
5767
7662
5426
7246
6341
1839
2176
4957
7914
5135
560
4115
1957
5424
1667
2796
3223
7270
948
480
4690
4128
7925
7115
753
6784
1158
1799
3816
3766
2686
2165
3356
4345
1300
6996
6506
460
3534
2198
5842
735
5678
4753
430
1064
2979
6646
1552
1941
4652
1114
1395
1084
4201
4804
5200
529
7079
4630
1897
3235
7836
6316
6718
5413
6867
2948
6951
7481
4760
917
1771
556
3368
1028
1004
3070
6055
5714
5637
2122
5976
5833
5265
4770
1430
3359
3618
1127
3025
2099
4385
125
6782
1035
2877
4543
7277
1231
4428
5883
3369
5316
3608
2515
3613
5357
6612
3548
6198
853
6989
4270
5728
3316
1387
1900
1383
6274
3929
1497
6953
4870
4441
1627
3247
6424
3663
508
714
1276
7346
2786
3060
6736
3612
7878
6146
5286
7162
6742
7557
731
7514
3406
8
7677
1887
3798
558
2180
4893
7510
2111
5625
4654
7679
5500
2434
5288
5545
7505
3532
3381
6942
3720
2361
349
4131
1759
2045
7654
135
795
7424
3023
7857
2535
7268
1303
2878
1367
6584
5138
7323
7361
1542
5046
2867
5423
1129
5000
3427
5670
4464
4140
7974
4583
5389
4323
7396
5602
227
7563
7741
292
2496
3495
4458
5820
3218
1479
3972
1503
6725
522
6921
830
3188
3156
7394
1822
4596
5191
3074
2146
1105
652
1536
2568
6135
5081
35
1844
4364
2723
5277
1815
2895
7252
2406
1504
6871
5341
4303
2021
2700
6277
6893
2471
2546
2511
5970
7110
6702
7389
4887
2308
5
7244
899
499
6656
2774
3044
2382
4970
4160
1766
4597
1052
83
4569
6998
4902
1958
6822
7288
5061
1386
7400
6902
7832
6041
999
2476
4667
1330
6061
2323
7821
17
3110
704
4776
2635
2502
7058
3363
5818
2947
7650
7004
3088
7330
1919
7586
6016
4272
6448
2414
141
4266
3567
1639
6415
4932
1979
944
5187
1988
1374
6590
1840
6626
5273
7327
4517
5848
3754
5343
3873
5629
649
886
7132
5301
7984
1032
1468
6680
2860
7453
3775
2474
4944
4217
2671
3327
4429
5230
4262
5086
6235
4538
7859
7928
7199
4642
5520
2473
3116
3807
345
4080
4967
6581
3718
6489
7565
1866
4261
623
1089
6336
6038
7472
7358
6090
7229
2570
5020
1672
4731
495
4965
486
2853
5378
1291
1775
6526
6248
6420
214
1186
1926
6557
5376
6222
2759
3460
1566
990
6467
5365
766
136
6096
3886
6916
5624
2024
2047
3214
3015
6537
3295
3419
4518
329
2265
6662
3587
6200
3385
4136
7905
6547
2658
6324
958
7171
4704
4842
643
4379
5788
4855
7752
5585
6755
2213
4315
1742
2443
3966
4591
2963
6100
2484
1340
6269
5901
5630
4375
1754
7384
4754
6378
1704
6103
6221
28
1498
808
3843
1583
4333
7378
6400
800
2581
6936
1654
2726
1134
3237
3697
2638
5522
6513
7927
2126
5826
6252
6031
6876
6778
7875
67
2078
4637
6476
1502
6285
4548
7106
7217
6695
2400
1003
1894
749
1508
7315
2999
6975
7490
5910
950
6566
73
3834
5731
6425
4162
7996
6211
7337
5198
1614
2781
2237
5556
7179
1380
1060
6586
3619
5926
1
1623
5974
6126
2926
3298
4325
7916
6542
2789
4248
3441
226
7354
5087
2844
3988
744
6703
7765
3946
1373
4151
5836
64
1913
7959
5555
1886
4218
6410
983
2657
7956
1136
2459
6922
7318
4800
6206
924
5681
5414
1738
5469
3155
3331
6088
7085
6101
6665
1925
5053
880
3488
5987
5851
1991
4097
1335
1463
7347
1298
4363
313
5907
6348
5959
7599
4736
6653
169
1488
4559
7018
3017
519
708
4808
7651
7097
4216
6540
7830
6180
1217
7383
2679
7675
2006
7542
2996
3630
5163
7340
5902
398
5281
3304
6959
6281
2054
5917
127
3077
2150
6280
1182
3081
7280
5845
1723
1688
1034
7936
5737
6878
2490
7228
5927
6329
710
326
3086
5552
6027
616
3320
5468
655
7033
788
4257
1079
4413
483
672
1678
7886
7440
7538
54
2334
6192
2749
5175
1125
7986
698
1169
1624
7038
7630
4513
1918
763
6801
1920
7174
4722
1299
3818
7082
418
3719
2890
6727
5961
7778
4792
1144
7091
4801
6992
1522
826
6817
3655
6861
1626
6924
3280
1107
6232
4602
3268
6181
7061
5100
3722
2052
3404
3530
6957
1694
3267
7254
6708
7041
2167
6333
2609
5903
6881
6918
3521
1167
4989
438
7709
7844
190
5377
1296
6208
5971
3829
5591
4459
756
1141
5535
1965
2910
2066
4252
4917
7413
4194
4874
4631
993
6
3592
3486
4742
5332
6438
6139
6402
3848
3890
4898
23
5571
150
5336
3913
3339
1155
103
3743
6631
241
5912
4906
4748
5391
1563
5815
163
3811
7687
2829
4209
4582
4675
7757
6704
3233
4021
764
2709
477
3796
7489
3033
7726
5477
5489
93
6394
706
1143
5819
5773
247
1642
930
1773
4366
7762
4764
932
1020
1516
4000
1279
3638
3065
5348
4758
7495
7183
7360
6751
1695
6524
5193
7287
6522
5037
1349
1702
2192
5682
5915
7609
6004
6991
7275
7689
2353
3950
4996
478
5687
1978
194
3481
1131
5125
2603
5488
6949
7668
2659
3789
5962
1748
6108
6170
2616
4410
1438
1762
7833
2866
6124
3134
4733
2498
6257
6604
2917
7967
4766
321
3403
220
3473
2328
777
3887
6869
4825
3185
612
3678
79
5331
7716
4027
7439
1138
3093
1444
70
4936
283
1423
5210
6943
7541
2120
6095
6593
4215
4016
6804
1145
25
1912
2298
1396
485
412
2551
4545
3863
1027
2961
6225
4896
7328
1689
3822
7438
7638
1803
224
1251
5769
6499
3022
629
5459
100
223
3916
332
837
2826
5951
246
1916
2187
572
3944
3121
755
2787
2492
6144
2942
4616
1062
2068
6734
4610
5916
5392
7537
2290
4465
6862
2452
5888
6473
2194
833
5032
7839
4409
1705
7222
6218
2191
3082
4682
1967
1069
7926
4233
6392
2717
463
3826
3723
3803
5867
739
5853
2195
7866
4772
6911
7772
2193
6297
3861
7301
3774
3761
3330
3698
5240
2279
3469
5786
4843
6658
4607
2549
6273
2057
6497
5139
4603
42
5996
4327
3440
3421
3880
6625
2035
5486
3262
4466
1850
2753
6229
4354
878
4664
5783
4297
5698
7376
7078
613
7952
1301
230
2220
6201
3124
6754
7159
1631
5204
1092
4307
335
3095
6521
2115
3211
2486
1432
2472
6072
2811
834
2816
1288
827
5215
5386
2883
4821
4737
5739
3193
6382
779
994
1930
4485
7891
1409
3885
4686
5268
3224
7606
1546
1841
5644
7278
5636
7359
4869
406
1085
6987
6496
7129
823
2813
181
1467
1859
6010
4956
6057
7449
4717
3357
3747
1831
208
4099
1337
7283
5931
4829
3102
946
4889
3684
7355
4430
2151
2838
4516
44
4397
5395
7032
784
3388
7945
5390
7484
4769
5527
6048
6451
5417
5804
2373
530
350
6383
4401
6945
277
3542
4169
3078
6699
1207
3711
7973
3727
4371
730
3893
322
1485
5089
6907
5039
6723
3794
3859
3776
6558
6785
7130
3996
1057
4976
2275
2062
7022
3557
1739
5798
4477
2571
5791
7848
2011
6993
4720
2439
2395
7610
620
3914
4632
6950
5206
7146
1669
4476
1568
5438
1137
4511
109
5656
4264
1180
7809
149
2728
2089
1855
4812
1252
217
2720
3100
7138
7883
5616
7645
4395
4387
2384
6363
3512
1686
4633
5664
6294
2562
4561
515
3324
7627
7860
4123
5650
892
5071
5299
6689
1381
667
2025
203
1054
1746
5785
2919
4381
400
7136
6843
734
2526
7464
1183
2722
1086
7194
7776
3964
4925
3971
1873
6514
810
2128
5689
5703
7964
7814
7368
1530
6545
7695
206
6080
7434
4679
3952
6188
6335
3849
5934
7216
2295
2840
4015
1719
4961
3448
2617
7686
506
7841
653
7053
6648
5639
6006
4789
1273
1243
7820
3194
362
1026
7601
516
5476
4037
7445
6793
1171
6447
5323
5936
338
4875
6134
4774
6716
3020
4499
7937
3051
1863
5444
4692
5718
1693
679
7412
5548
7027
3732
4974
7176
1889
1972
4554
7158
6389
909
7951
7554
2905
4615
1115
6196
6182
3115
6223
2664
7180
3517
3707
2458
7504
6505
2660
2457
603
718
5822
839
1917
7910
7223
3305
4391
6152
2281
6554
5601
2908
1540
2444
4179
6915
3252
2212
2090
6301
5048
3454
4329
2845
7273
7247
5615
5015
2824
1547
1679
6738
3658
6711
4036
6508
7249
2454
4514
5717
4493
7837
5406
728
6422
7931
3969
798
1014
3287
401
5219
1769
991
2033
3338
3675
1790
2073
5034
197
1797
1353
747
2250
1016
6045
5885
7331
3836
945
3158
862
177
2782
1201
1637
6624
7561
794
1302
5372
7325
3334
3768
1451
4490
6464
7729
2593
2135
7992
2383
2239
7770
2699
2849
7128
4013
2527
2267
6440
6802
7072
3514
5941
336
1195
7290
4082
7985
1478
3068
6481
1752
512
4575
2693
6929
3795
5134
852
7957
7025
1250
5070
2347
2156
5014
2304
3173
2734
7527
2928
4141
6860
4866
2084
5978
1676
2724
3037
2287
712
6620
6224
3535
2962
6832
5077
4958
5525
2965
6291
5507
6904
5287
6452
5199
3149
6477
1683
4346
1015
6528
236
1804
376
387
3558
7546
7202
360
3524
7387
1706
7488
3728
5156
3163
1424
3693
3801
5983
6651
5505
1332
88
6202
782
772
6231
1593
3565
7573
4579
4032
6455
1717
6136
4486
2937
6399
7806
6913
1041
5474
5033
6649
822
7443
939
1734
5434
1445
1644
3770
7503
7454
5680
4892
5496
3226
4982
4279
6781
602
422
1750
5876
6858
5161
123
5857
1244
2746
2757
3984
632
2363
7157
6532
7428
320
2556
2696
884
4156
873
817
104
4873
1968
6800
374
7549
7267
7993
738
3784
5503
7530
4484
5800
1428
5529
2682
3575
4832
1857
6318
621
3092
1173
6423
2792
2000
2263
4964
4463
7392
4660
5807
3431
7238
3177
3901
5342
6500
3462
6242
7652
3059
7747
319
237
6690
1736
6320
5886
2572
5801
3150
5775
7487
6261
249
2636
2319
1263
2758
4845
2580
3341
2516
5741
1400
3579
2423
1684
7498
3793
6023
5055
5309
481
5260
6106
5534
3378
2491
2016
1903
7469
6737
3300
1033
2043
3468
2995
3181
1065
4317
4330
1787
1240
5027
6697
1999
4265
1520
4228
6685
5628
1323
2519
4960
6028
113
3260
4244
7884
527
3457
7681
7671
6236
4900
567
4940
7748
7458
6195
4101
3995
3751
1641
4362
1170
7890
2398
6606
462
7165
2397
5380
5132
6517
7173
2946
5314
7582
5228
7551
451
7200
4716
6063
5561
6501
2712
1040
2670
504
4260
6459
7309
6428
3825
5099
312
3347
6140
4423
4240
2207
7409
4509
7712
5757
4806
2992
4835
1139
1135
1525
3467
1345
7421
6250
1809
2202
2032
3788
5241
941
1077
3729
3763
6303
4683
7915
1605
4336
2227
5326
5991
617
5567
824
6865
4983
701
95
173
7730
2552
2521
7017
6175
7133
2105
860
5627
7556
7702
591
5721
2801
3664
3918
5873
4321
3248
5185
199
2368
7007
162
5463
2171
4817
3554
6985
2837
7796
5887
6237
6026
1521
4291
5177
2504
493
126
3922
2855
1670
1879
1154
2175
7874
6160
239
969
4622
1440
1095
6120
3187
7307
437
3291
1104
3414
6621
5242
3809
7012
6722
3692
1078
5960
7198
2820
566
6645
5611
6935
2017
6667
3358
1397
6143
6254
4425
2805
2909
2610
3196
7126
2269
5825
6821
6359
1507
5449
1113
4566
645
5668
7109
3429
4220
4242
1765
2879
707
316
7153
5269
2481
2769
1261
5521
6829
5388
1460
484
6193
4943
5723
3040
721
2071
3771
1418
1924
4639
1559
5254
6638
3439
2206
1776
4985
4453
6432
4199
3908
1599
4834
3622
7274
5543
5729
4606
3624
6306
5549
1290
2403
2727
4762
2188
4741
5688
5411
6705
3509
7312
1202
4677
7403
4528
4439
1947
1939
1481
6373
2127
6331
2234
7976
6792
6582
348
3278
2379
1830
3892
2494
931
3821
2930
5641
1553
1954
2050
1772
979
6763
5651
3286
3160
5654
468
1875
949
1789
1590
7665
517
108
2762
6905
4170
427
1907
6961
407
4326
3636
3477
7
4911
588
6209
821
3409
2001
1082
3745
2002
105
4747
3605
192
3933
200
5652
3125
1093
245
7118
523
7382
6319
4784
5603
510
1208
6534
1652
4551
3925
5645
7373
1159
5397
6671
774
2695
571
7191
7480
5780
2161
6678
2410
5965
1564
3853
569
4133
5143
311
6750
5402
4275
3714
2600
4404
906
2662
6745
688
1779
5758
7829
796
681
461
3422
2086
5483
1904
6082
1370
5660
7626
1206
3232
2944
6430
403
3071
4809
5018
2622
6696
641
1648
7918
4273
2364
248
6339
6288
7847
2874
5005
1935
2376
5538
1122
5113
1998
3860
592
3882
1792
156
1403
1845
3475
6578
4348
736
4168
5584
6387
7036
7231
6346
7721
2467
1068
4208
2475
1621
6158
6408
3740
6527
2469
4586
5225
1735
2629
7195
6441
7019
7154
87
2797
6361
318
7763
5383
5478
373
3777
4626
2858
4955
6068
5614
904
2882
6155
6457
3228
6032
7965
561
2121
4581
7649
7900
5795
6788
628
1793
7317
337
368
722
4909
3328
5131
1049
581
1862
699
6138
2814
6113
6416
7555
284
2249
4189
2008
767
2219
1551
1008
1372
416
3998
6304
7899
2404
3991
6852
758
2685
4973
1952
2977
4536
6168
848
5009
4335
5609
619
5239
153
6289
6065
4694
5752
5940
3131
1102
4856
1178
1307
3563
3753
7608
1216
1781
6550
4460
4269
3637
7971
6325
5464
4084
4108
4086
6450
3494
4431
4061
7431
1495
6276
3577
1437
1625
1482
488
6583
2764
3135
7049
5049
5920
7319
2029
2107
6937
1989
2015
7699
6746
2808
6162
5513
5169
1869
6405
3522
3337
355
3854
5610
5415
377
5523
417
3724
5501
286
6284
2839
7570
1311
180
1974
1582
3954
6812
6947
1419
6940
4396
4916
3503
378
1109
5840
7334
472
6293
7155
3269
6901
2986
7166
5596
5726
1671
6632
2970
3923
7422
7433
965
4987
3687
5671
7023
1524
1346
2745
1461
7362
7605
5546
1365
1179
1401
5720
5755
6956
1724
3541
4773
2626
609
662
3641
3231
7141
2055
7661
6809
5150
897
3958
2779
7291
1146
1205
594
980
2038
2482
1570
2252
6790
5017
3242
1949
3654
5410
5461
7124
4177
4793
6228
36
4796
358
6577
936
6414
2211
3031
7667
1106
4075
7978
2744
5856
1453
3148
2777
5821
2643
2713
866
7015
2455
7963
6772
5586
2558
574
5590
6759
5271
6262
3904
7795
1013
5540
5823
4094
4696
2738
5158
634
760
3420
4703
5085
1896
1997
4972
2291
5524
4247
927
2627
7901
4827
6019
5196
703
3251
5784
7803
2317
5062
5872
7628
2941
53
4665
778
5986
5657
2818
835
3246
1172
786
2232
2425
6622
4977
3574
1269
2645
5427
2888
1728
4203
6087
6983
6429
2766
4573
3265
6589
6310
4813
7870
5029
7924
5082
327
555
1814
4289
5908
925
5429
5911
3307
1361
2653
5756
7087
6796
7657
5612
1480
6597
179
5160
6118
4083
6931
6056
1943
6846
4125
1966
7894
807
7835
4004
3382
3257
6186
4139
1459
557
7370
4613
1760
5918
4876
6066
3797
6322
2791
7272
7519
3137
4674
2597
1891
1690
1597
6639
4457
1214
351
7696
7622
4723
7112
5421
5308
7539
6185
6707
3639
4540
3352
5828
7648
3154
266
4507
501
2540
3917
7197
4638
7414
1045
2124
4054
6105
1148
4527
3529
505
3433
5881
6015
6666
7314
1586
4794
2480
3968
7031
3144
4802
6771
7295
7980
3872
6482
7869
6355
7168
5293
5201
7221
3660
2449
6587
7513
6816
2625
3726
4920
5168
1355
7798
1325
1429
7234
6130
7908
1539
7467
4783
4120
716
5722
2259
2950
6044
6217
5056
2810
1828
1277
2646
5220
6965
2247
6391
196
2683
5422
7506
2129
6313
3393
2274
185
3293
4718
341
4863
1117
5992
5849
3804
3576
5575
4715
2871
1354
2689
842
7075
5633
7260
7983
3006
3889
733
3192
6300
5837
6660
1653
4416
3828
160
4939
3902
7958
3865
894
3506
2048
874
7139
7350
4475
6693
393
693
4924
3871
857
1580
7407
1970
3786
610
1316
5861
5638
4949
2547
111
4959
1405
7808
2205
5398
4574
6084
3170
589
1238
2289
4056
1342
7420
1018
2522
1908
3690
3165
1101
1612
7417
7575
3002
608
6179
458
1964
1469
4098
2463
6368
419
2064
5095
2340
6962
1066
727
1046
5685
4505
5647
1591
1021
1100
4571
7698
5604
5542
7046
5128
4146
1002
7922
2668
1691
4765
86
330
4050
269
7437
3738
2197
4282
5892
7390
5019
2309
5202
7764
2804
2512
6086
1425
2106
3874
6713
3734
5157
7865
1816
1838
1579
7929
7492
4785
1807
5481
2690
3464
5832
5164
3985
6034
1996
1633
5412
3371
1931
7149
7998
1294
137
4938
671
4775
4483
331
7877
3850
5083
1247
6677
1390
4442
7083
2208
219
4456
4302
7226
379
1356
1961
3980
4867
6042
5693
5441
5803
1718
6498
65
5868
6854
6504
5781
4147
4759
5409
3634
816
568
1151
56
2743
3744
7822
6469
4239
1598
1152
6787
3453
4617
2101
7507
1744
2431
6493
9
186
5350
840
7972
4191
6650
4803
4095
6847
4433
3957
6401
5531
971
5725
2339
2537
2366
2131
3112
4648
1315
6369
5396
281
5562
491
7843
4500
5296
2082
4202
3241
2611
4400
1486
1235
6512
7069
1165
7607
1983
2375
1558
1436
1194
4830
2362
4883
7233
7873
2701
5838
7161
869
7311
593
4962
3451
4227
3189
7644
6556
304
7888
2369
7435
3943
352
1070
7026
1895
1985
1274
4926
1634
3256
4984
3249
6075
3757
4993
1439
6884
5446
2389
4059
4700
7070
7846
2854
7338
6674
883
691
3127
5120
7688
3536
7068
2541
3276
6279
225
4055
5544
6592
1364
6507
2019
4018
5984
7690
423
5762
2968
7567
1187
3478
1655
3656
6694
4318
4167
2005
1110
6286
3365
2088
6774
5646
5889
2070
4074
6910
5744
2767
6395
651
5180
3730
6344
1795
5335
1344
155
2158
7175
2489
4714
2427
6350
12
5107
2644
6591
2407
414
576
1656
2228
6766
172
2505
445
4942
6219
1190
2886
4077
5096
5183
4158
7946
410
7723
4744
6258
2388
5292
5516
3783
4296
4070
3461
1038
1519
4831
737
7405
2957
5117
4090
7861
6643
1260
4186
5882
278
3864
4546
3559
7653
1646
3680
7930
397
2307
3523
4915
7529
7151
6777
7704
5816
7107
680
663
7786
4840
2612
4750
4709
2072
1708
3851
4407
1126
5897
851
3447
157
314
4614
1783
6403
3762
2945
159
6963
7143
2266
6446
1928
4881
2951
5142
3355
48
263
7240
4222
1024
1613
3281
4811
4721
3292
5557
5118
1157
4934
1347
244
2906
5285
2257
7269
6267
4585
918
2381
3750
4039
6600
5330
2884
2256
1452
6519
1284
6332
1802
7365
4130
259
5870
74
2985
4882
5042
6958
5382
1764
3472
2251
7935
3245
6997
4003
7587
20
3090
7588
5922
3046
3128
415
4408
5114
5229
32
7210
3411
1223
783
6227
466
257
6516
3858
5471
3513
3171
5321
5787
3905
7834
2409
2278
7851
4498
1239
5186
3261
5710
5663
6431
1720
1229
4814
5597
1986
7942
6014
3832
6994
3867
1619
4922
2253
76
279
7089
4646
3308
3326
2284
2755
776
5123
7306
6475
6538
1757
2619
2231
5949
7773
2117
5364
5002
6941
5770
5109
4708
3104
6133
5130
4207
606
3561
3589
7758
5458
1222
2049
7483
6673
1821
4549
7215
5528
1209
5953
3742
5297
7683
2351
6729
3767
4232
4111
2214
3274
3413
6022
4494
4815
7442
4928
3485
3190
55
7898
255
2417
3977
5255
2168
1820
5900
2991
221
2358
5213
2523
1617
2510
5375
5809
5753
6553
6615
2270
7753
5841
7775
4064
2345
4510
7095
49
6883
4029
432
1350
5147
3930
3760
3749
6449
6571
270
4241
6443
4347
4740
3595
2548
6454
7142
161
2748
6971
7406
2795
85
3659
7550
2647
2865
3271
1977
7005
4826
7684
579
4702
2554
2842
142
7852
7448
5006
4226
2312
1443
2009
5568
5418
4284
1412
511
3945
1791
3568
4052
2655
2380
1846
1577
4953
5666
146
2344
1509
6241
3329
5579
6819
2356
6349
5266
6880
3526
6574
5675
5129
7345
1499
3428
6381
6659
1506
6548
6611
4053
5224
3482
5890
6070
4017
6830
6966
6840
6249
151
1594
7740
7854
4066
6972
863
5098
4331
5440
5170
3130
7298
3525
2938
5338
6315
4533
4370
7656
6561
2276
2272
2648
5387
7853
7062
7002
535
3244
3041
5593
7054
2539
4313
2311
811
3496
6177
4434
545
4361
2566
1575
3531
218
4713
6692
2385
5146
1881
7938
5066
2958
6021
1324
3896
2856
4853
1548
4478
3537
636
3303
2051
5620
964
5972
7320
2056
6925
426
1601
4183
7751
285
7793
4255
5416
288
5075
5329
3285
3099
4436
2575
7616
7933
3289
1616
752
998
586
3504
2595
6820
7478
7039
4435
913
5692
5684
2751
2780
3019
2058
3819
3075
6855
717
2401
4618
989
7117
4287
5844
2899
4659
6747
5428
919
4640
3126
5493
3986
2953
5024
521
3374
4695
6283
1132
548
6358
7948
2483
6292
590
2096
5839
580
90
4643
1962
1665
121
5796
7056
3581
7718
6988
5712
1076
4781
6013
4438
7205
6833
1595
4994
769
3176
4903
2776
5594
577
2544
3297
4444
4865
2093
775
1271
4707
5447
5598
4137
4595
7534
2939
1351
820
2869
7981
5404
3516
3386
1668
2513
2949
3253
5345
2109
6588
97
1682
7105
6412
6393
132
3676
5913
6024
3010
5457
4065
77
4658
1818
678
6909
5094
4187
4166
5989
7979
4885
3645
2684
3319
475
2173
5275
952
5368
3518
6525
2589
6327
1220
268
978
1289
2
1703
7858
7494
4771
3970
2721
2604
2618
3275
4647
233
6602
1191
5895
5506
6920
5022
1677
5208
1341
5011
6807
6433
6406
4523
4599
3938
7816
1067
3207
5073
6619
639
1188
1573
5203
2984
1056
3039
2179
1842
4601
2408
3005
7994
4180
2694
2060
921
402
5246
984
1050
2601
2784
3846
3603
1770
2277
7754
7241
3593
5750
14
5008
6114
5794
4339
176
4271
1635
6981
6670
1435
1371
2026
5065
5954
7947
3708
3147
7525
5173
2044
5621
4211
7475
3564
4871
6877
3967
3395
1743
7517
6356
7988
1661
2170
2140
182
16
5084
741
4621
1001
2286
5381
2631
5623
2041
1737
7080
4914
1933
638
6456
3868
6741
3631
6726
7322
4022
2209
2189
3666
3924
1265
2145
3571
6172
3436
2450
7052
7904
392
1466
582
3569
3997
5333
5963
1649
3974
7739
6805
6058
3201
877
7827
5044
5891
6976
7743
3162
63
4980
3443
4369
7436
7333
4437
4023
7152
5677
2931
7169
6442
6879
4096
2081
3458
5432
6334
6908
7742
2896
5351
3616
4426
1051
4184
3379
7148
3296
2203
6419
7912
3765
4088
6594
2916
5512
167
5587
4281
2201
6062
2460
6239
5766
4355
7076
789
3167
3407
4008
4300
5079
4624
1389
4589
1455
3435
6898
865
3911
1431
2900
2020
1023
296
1867
4544
6287
6271
4651
4062
7313
4163
7789
3539
5490
2479
4749
785
803
4689
2468
2815
5251
1410
5576
4164
850
974
6351
7137
3465
7077
5370
7666
4975
992
531
2934
6385
6549
3665
1794
5155
380
7284
216
1973
114
3686
5899
3362
5578
2155
3773
5499
2315
1010
2224
4389
1088
6478
1007
3474
2608
3706
7755
954
6579
5067
4210
2567
1162
7737
2592
2225
6145
4739
1608
289
5777
6375
4091
4699
3442
673
1407
6396
7949
1305
102
650
875
5643
1554
3402
7735
2987
6002
1196
4373
996
2704
2528
5933
1362
3254
4256
4414
7552
2904
7613
5514
6546
1039
7001
1801
3333
2421
3614
1632
6767
4857
7460
4487
633
956
7802
3012
4910
4593
6930
3856
3354
3186
6995
937
7725
838
887
7849
4314
3197
2310
4185
6119
5730
922
5420
2732
3920
2053
2531
4901
4577
1774
5977
713
1603
2891
4419
5353
5115
1246
6838
4382
6104
4705
5491
2654
2333
51
6116
112
4301
5672
7566
2296
5212
6743
7042
5925
5289
6302
2244
4963
2790
5137
5072
2873
3695
2954
4799
7404
307
5264
5439
2969
2833
1071
7745
1545
5754
7073
2501
1610
1784
4092
4594
267
5466
2133
4859
3449
3424
1609
7728
4311
7518
5047
6040
148
801
2169
3007
6149
583
2737
3446
2621
1334
5595
1636
3671
4259
5259
6515
7995
5914
465
2997
7701
252
7263
52
6326
3881
487
3544
1981
3810
1044
3677
1184
5295
5184
3588
3138
5674
5303
4443
4356
3921
1111
2447
3939
2367
6897
630
3146
502
986
3062
4966
5560
473
6321
3805
797
507
2665
864
6570
1185
1877
4067
5058
3815
7251
1477
3725
2993
6078
5709
1161
6652
2177
6844
4535
2294
4044
3290
3870
6780
7065
6077
1647
6384
29
3387
5172
6946
627
3717
3628
7840
5906
6307
7889
7123
2740
6025
7769
6234
7163
7172
6979
1572
4337
1197
3310
5038
5247
2509
2303
2594
5632
6046
943
2754
5112
4635
4978
46
7574
3746
2215
7623
2885
3230
1215
334
546
4768
7044
453
3136
428
7553
3143
4501
2850
4899
2940
5583
6465
3540
4935
1959
2119
4634
1885
1662
7500
3844
2332
7113
7427
6776
1312
6654
7617
6197
4006
5068
536
3615
6282
2920
4340
1732
2499
1160
5879
6089
542
814
6485
1392
6085
7592
2821
7188
2771
6923
4619
7000
13
3120
3234
5846
2674
5436
5373
7213
7569
4995
3008
5080
1511
1385
6886
454
5366
1181
2293
1710
5835
1112
1422
1711
7186
424
5704
7455
4352
1853
7640
5116
3790
3799
1854
3229
1660
5035
654
6353
6295
2416
3787
3206
6330
1338
3909
3483
5248
2027
2098
84
5480
6012
832
5909
3884
3000
5747
4537
6398
7954
3617
7423
7620
6132
5384
2897
405
666
2152
5043
1588
1740
5662
7611
7369
6069
3847
7697
1268
411
1529
3042
2591
2248
7982
5236
4745
361
7907
6714
5569
3384
868
5937
342
1359
6142
1630
3455
544
174
7399
7332
3375
1607
2233
272
3204
7182
3397
6468
40
7048
1860
2318
6210
761
5618
4124
1320
1262
5233
6203
4998
4986
7010
115
367
2338
4221
5310
6789
5064
5990
5667
6051
750
433
1005
5152
5694
5855
1663
4496
988
3169
6260
670
2875
2186
273
6779
6147
7744
3063
2872
7867
5690
6049
6205
231
2083
4904
1741
4402
879
2578
474
3061
2297
3785
6102
976
1712
4229
4473
6483
7008
1731
7591
5097
425
1615
962
369
3255
2004
4338
6559
1413
2525
452
841
254
7540
2419
1861
1450
5007
3024
3045
7147
1420
2666
6486
6107
1417
5036
2013
968
7339
7262
147
804
5733
6856
3191
47
4122
7164
2952
7602
4557
3184
6492
3709
1696
4552
3835
882
299
4467
7647
6596
6850
1000
7528
5631
7034
6661
7343
2560
440
4663
6184
7919
5893
2711
4727
1081
5318
2529
7624
4344
1528
3701
5774
3633
4797
5408
5291
3383
6036
7134
5814
1228
6655
6934
6892
2561
2715
6895
705
357
2123
4795
295
642
7037
7692
4923
1825
4192
2378
3117
2134
2159
3502
7564
3052
1433
2830
7856
4322
856
1578
4644
6939
6721
2326
5827
5793
1911
7944
2470
1225
5536
7395
3405
3737
7030
1899
5252
6569
3056
2487
5371
2650
2393
3549
209
364
1515
6367
3862
5956
2141
3050
4524
1241
771
2396
3827
6642
3840
4411
7594
1022
6836
4197
6603
5145
3129
3648
3839
2959
2181
3733
7242
677
2760
1901
5748
2306
2390
6814
1811
2848
170
3273
1318
3640
4777
1319
4103
4304
4319
1123
7855
3344
7543
514
3132
5425
6050
124
3058
3591
5613
2579
5944
6094
4471
2607
6824
2669
2834
6317
6112
1618
4358
6541
6637
5679
3500
4851
5749
7893
7585
4359
2418
1685
3625
1494
7532
7774
7892
5999
1211
7629
2972
5339
2097
4952
5327
4165
4598
4997
178
1936
1175
1865
7236
6240
4562
4048
7296
238
7248
4234
5492
6314
818
4127
5238
2765
3036
3004
7114
2817
793
1824
3903
4657
7193
1037
1829
2464
3026
6039
5740
2440
110
3543
4468
251
6463
140
2217
1226
229
2735
4945
1357
4878
1758
3450
1434
4105
3959
6053
3272
3028
5761
4787
7706
3897
7720
7094
1942
6753
3349
1219
2196
4009
7871
4310
1847
1489
1402
1272
6073
4377
7577
5701
2536
5479
2881
934
2288
4650
2831
4798
3212
6484
5894
5993
7187
5262
6093
7674
3545
3670
4224
5939
385
7590
6123
3669
5975
5994
5617
7711
5001
7828
6153
920
4688
6472
5104
3623
2503
5810
2614
1606
1210
7477
538
1727
7363
2100
6769
5635
3499
7050
1483
3069
5127
624
2046
7185
2652
1103
967
5144
1348
1177
5442
3445
6968
4991
4752
6894
1149
1314
2859
2802
740
2273
7576
4299
5214
6544
4398
6035
1975
3417
4206
4002
7838
2104
7352
1012
4415
2183
6308
3937
7641
6165
2793
2442
3736
7224
346
18
1130
6312
7100
5570
2857
4767
7086
133
7397
264
2441
4946
3538
4268
549
1382
5665
2426
7961
2783
2716
5533
2341
7547
1725
6268
1505
4278
2956
21
1427
7020
1910
294
6700
7300
4547
6970
7125
7209
1406
1306
1537
2352
7088
2324
4698
6490
987
6098
464
3668
6914
6712
5518
1391
3683
7351
4263
5504
2577
1849
2065
1882
539
4372
356
928
1906
154
3710
467
604
5957
2034
2142
494
7040
1128
2222
7451
5090
729
7302
6001
4611
3748
492
175
3661
3621
876
6848
7663
7009
388
6256
3250
436
5942
3653
381
6474
1923
2462
6311
3113
271
3484
7727
2555
1892
4730
7349
235
434
3109
4854
947
5648
3119
7831
7717
2445
7544
7308
7804
4069
4212
5866
1984
1379
5400
183
3823
2495
6773
7862
6404
3779
3876
3852
7212
1884
6864
3317
7523
3898
4014
2542
6775
1119
3556
2163
6535
898
6067
2154
6735
5465
408
3721
870
4388
31
5955
4833
533
3014
1133
3620
3604
3364
1142
5324
2199
1313
570
3931
1449
2325
6238
1543
6121
3434
3927
4726
5830
4837
2924
1025
2862
5938
6074
4109
2254
3688
3221
4351
7792
4918
4195
1549
4678
4342
596
6426
5808
6927
997
2292
7826
2348
395
3392
1945
5600
4214
3318
6150
4858
2085
6418
806
7303
3583
972
2967
6445
4757
38
3975
2598
7811
5362
4653
4841
6560
5211
732
6919
6770
4556
24
5847
7357
5349
595
6617
2750
6701
5659
1664
2563
7714
2524
2143
4819
1326
4782
3073
4780
2262
7707
5023
513
1938
4636
3091
6037
444
3546
7756
3602
198
881
4152
371
676
5460
1287
1394
4861
3764
4019
4555
5806
317
5945
5317
7771
6413
4969
836
4576
3415
207
5313
4844
5813
6640
3205
5763
2846
6337
5929
258
2775
4685
6244
1411
7429
3089
1955
656
4026
3895
1561
3351
6531
6932
2428
6954
929
4931
2960
5858
982
5968
4532
96
4384
4043
8000
6215
2921
1442
1673
119
7225
6007
353
5547
195
7531
847
1270
6682
3096
6290
7232
2079
6760
6882
5943
2172
3942
781
7655
7595
4283
2036
308
7782
7055
6739
1835
4451
3199
4223
6786
4820
1327
7734
4403
4810
2794
7584
1073
6444
6608
4267
1531
6575
3891
6226
383
6366
829
6686
1870
1785
5530
2819
692
3597
5696
6853
5537
5121
2300
2453
2533
5935
242
6599
6875
6974
7485
6885
6623
66
659
1777
1366
3855
7474
669
1701
4118
6204
7879
3555
1914
5166
2902
4649
3198
7632
470
5736
3739
6191
5243
2763
7060
7497
4238
1826
449
3993
6437
7813
4919
611
5159
4894
5300
1147
1994
164
7122
7791
4541
6664
1048
2346
2514
3910
562
6296
687
5699
6768
4119
5222
7664
6810
2316
4051
5141
4732
1491
4412
6928
5511
6417
6216
7597
1218
6684
5764
2798
6427
7509
3999
5171
5981
697
3652
6818
3679
2488
2010
1257
7305
5896
5947
723
7932
3018
3594
3373
1872
3553
4588
6806
1699
4112
2402
7016
3610
1426
4526
1061
4280
5174
6167
372
2649
4504
3103
1751
694
6054
6917
6576
139
4157
3830
212
985
6889
601
2583
4049
559
2320
5455
2075
644
5473
7353
4947
4560
1761
2360
951
3685
1517
363
1309
4405
1808
6347
1565
7499
3203
5207
6539
4286
3883
6811
2166
5700
6083
3647
253
7598
6552
7515
37
489
201
6967
7446
4135
5179
3243
1871
5605
5738
1375
4390
5875
2285
4701
5880
5565
1493
1837
6794
6859
3391
4196
2719
4719
5691
193
2971
143
3072
1168
4880
6585
3672
5276
4755
5133
4492
7119
605
2399
2847
1329
3159
6407
4823
1680
3928
3759
787
50
7084
6352
305
6247
2530
1763
3370
1163
204
4274
1592
1011
3519
3899
1915
6887
6748
7381
7491
3430
6872
2255
5859
2584
4891
5302
5790
2059
3438
2520
2322
4816
1446
7375
7724
5502
526
3325
6724
2933
3580
3731
7950
5811
7812
7285
1176
6627
4455
3471
340
3153
2678
3932
6610
5998
2424
4567
7960
5772
524
261
2136
2221
7885
4763
5340
6866
7220
790
3642
1368
4294
4213
2446
5126
2160
3437
4531
4495
6502
3366
6605
2371
6562
660
6672
5443
7646
2974
2223
6343
7614
3459
7780
4605
6487
1796
2538
3877
7659
3490
5003
409
5599
6900
2841
1258
5328
799
5320
2506
3857
4153
4035
5950
2543
152
2651
3657
3778
813
525
1812
1457
3694
6380
1596
1156
202
4612
5216
7177
4930
5258
4200
5661
5194
7014
2061
5467
6305
6272
1234
599
6749
7201
1280
5860
450
4025
2238
2725
1834
7103
7029
5743
4553
4367
720
4627
3833
3396
3401
4076
6374
2112
3302
370
7788
6609
4580
5735
5074
2586
2772
2448
384
2989
2624
6362
7612
4886
3704
1230
2557
3106
2656
6047
6109
7880
6641
4489
7279
953
5435
1587
2573
5778
4609
6762
188
4421
3360
3258
2913
3219
3098
3182
1317
1043
3915
563
1722
365
674
2983
5487
565
2564
2435
6154
4063
5337
7326
1800
6360
1388
3716
6265
439
7196
4481
4990
4912
1909
2042
724
675
5799
2067
4788
4824
3611
3515
5325
4469
7766
4231
1075
4305
1475
2080
1094
1574
7024
7940
955
575
7911
2116
5952
6536
5958
2030
15
1681
3912
7962
4828
4188
631
2861
5509
6245
3508
6091
3412
4149
2370
5401
4110
71
2103
5102
2130
2230
3487
5768
2147
3758
1852
532
5437
6214
4237
2313
5358
5494
6813
6386
2887
4913
7432
3806
844
6636
2087
7934
11
6980
3335
324
7411
940
3635
4
298
914
4724
1339
5217
7678
3940
2843
4929
7293
5103
7013
82
5374
6471
6933
2125
1189
189
665
7189
6568
1328
3013
2229
4590
1297
3528
6944
4670
7589
1921
3107
7335
2907
765
7135
4941
2342
2582
6706
4145
4482
2809
7768
2190
1934
5013
2359
6733
2430
5431
328
7066
60
7461
2184
2178
2731
3240
657
496
391
325
5344
3389
19
3691
4564
343
1203
5702
5149
2698
446
3009
3735
1645
7204
1487
4106
6151
7227
310
1858
1055
719
5932
6128
5028
5110
2095
6174
4519
615
2299
3981
6873
7265
7787
386
7713
5284
7642
2741
5719
1581
2405
4246
6137
2268
2576
4230
4306
7063
7903
682
1096
243
3948
7876
5237
6030
1259
6270
3979
6194
5385
7746
7108
6613
1256
6831
4030
6675
5812
3900
2014
5119
5182
5539
6421
7021
1878
3087
1817
7092
888
6230
7259
5470
4655
3456
3511
7794
2210
2785
5379
94
6732
6178
5564
3164
78
889
7380
4117
2569
626
3552
6509
7059
282
2590
3934
4488
2628
5050
3118
6129
1080
3048
2102
5649
7410
1454
3662
3080
6060
6758
4107
240
5779
4691
6761
7459
7643
2620
3200
1174
2022
6220
3282
3342
3108
3222
129
3416
1798
5393
1937
4921
1905
3712
171
7783
5550
5105
3951
2623
5622
1567
1019
5063
3814
4072
1993
4761
7090
5322
4948
6190
4822
260
5969
2864
498
2707
1031
5884
6520
2485
290
2330
3027
6159
7868
3151
3699
3343
6731
3066
2436
2823
6797
1585
1150
1729
5234
7468
2588
2110
7619
232
7466
5257
4341
7344
5106
4807
5451
1526
1576
6275
4954
7304
7047
5026
7682
646
166
1471
2730
4979
2988
3705
6740
3322
7496
5041
2978
7372
3311
689
5140
6952
118
5771
3114
3772
2605
4693
7810
5076
2565
5153
5192
5226
6629
6409
3394
7281
4150
600
7476
6669
2037
3140
1484
5445
7819
2807
3111
3480
5751
2752
3650
1628
3133
448
4751
1304
3578
5452
1782
3346
5057
4312
1514
5197
7719
640
4791
5101
5658
6628
648
4320
554
585
2922
3838
3842
2302
3314
1733
5526
6461
7759
4600
3955
1571
6863
7276
4584
41
7374
5864
7872
4424
3432
4968
2637
1278
3399
4668
4629
3551
2355
1544
6803
3172
4756
7043
4040
3824
6309
2615
1415
1472
59
5572
5982
846
7450
1658
7969
4450
711
2350
6466
4474
5407
4418
303
7824
5305
812
5311
4085
5574
6009
2640
7511
2596
1883
4422
1805
2148
347
2236
3983
2337
4171
57
4155
399
3141
1534
1832
6825
1971
809
274
2162
7943
4743
3643
3398
7526
447
7116
6799
4161
3284
7785
1360
5519
1987
4028
1876
1650
165
2235
7722
3800
3780
6783
5334
1242
957
1053
2710
2218
6730
1465
2372
2912
7081
2673
441
5298
3277
702
234
6728
5148
6598
5231
3306
4710
5541
5181
1709
5706
6906
2718
459
7093
5985
5495
4449
5278
6491
2729
768
4848
6595
1199
4520
1322
4205
2507
1651
2012
2321
6890
1255
5060
1589
7673
5711
6127
6601
394
7882
2868
3236
5608
6634
7579
855
2386
3566
1836
3238
4779
10
6470
413
7393
4041
1538
1864
4522
7501
540
4525
7416
6839
99
859
4024
1940
7057
131
770
4365
6964
5877
7558
34
4951
2144
3598
3626
4470
2894
1535
1721
228
4497
4592
6555
2074
4728
3586
552
3949
3547
5760
664
2998
819
5261
5930
2461
4604
3649
5742
5307
5676
1074
2705
3408
138
6503
1674
6828
3202
6530
5581
5359
7970
390
6079
7245
5347
4933
3491
106
7923
4897
6000
4666
3332
6157
685
4258
6435
469
3702
4134
2329
6494
3418
7214
2413
7324
1951
5004
1283
5124
5558
3021
5306
1036
2226
1944
4285
2966
5025
1253
5369
743
1556
6990
1282
4778
1166
4446
1726
6365
2283
3174
4671
3217
916
4645
6798
315
6357
4684
7294
1414
5167
6266
6564
455
2477
2736
3239
3599
134
359
4850
4480
7336
1464
6008
3195
2692
6064
1378
6111
6523
3791
4440
4818
791
3208
7781
6618
2915
5263
4132
5580
7257
7170
3820
1523
490
2914
7906
2733
2091
2975
7418
3225
3361
5921
3216
5484
5403
4879
911
2714
7921
5563
5863
291
6827
2394
2545
5705
2113
959
843
3629
68
7386
442
7261
4515
3609
6977
3053
5745
1153
1659
3
1788
6984
3309
1245
