5522
5215
2539
3872
6343
113
6713
4562
6666
7306
7861
6266
5226
6464
8637
534
7052
571
3839
8097
2511
3323
2733
8881
6700
5065
8586
3042
8890
2387
3540
2307
8056
6322
6422
1668
5190
8315
5
5146
4725
6219
3761
4085
6401
1000
1677
2044
5793
6977
5577
4939
5569
3219
6810
4350
4561
3161
2193
1982
3484
3618
5310
2750
5490
8715
5845
2796
4567
959
1574
2522
8018
1854
1020
4622
3780
6237
1655
7919
1661
5583
1633
8521
5340
7108
709
5815
6465
3111
4549
5178
123
1959
7644
6848
4421
1359
457
7176
851
415
671
2139
620
6185
6018
7081
2643
645
6324
8982
6319
1237
2408
8286
8617
61
94
1946
1557
4131
3146
4506
6563
4334
6578
6425
433
2998
4722
2557
8386
4942
546
639
3066
5551
5351
1290
7471
1973
4892
8426
275
1300
350
1046
5912
5336
5597
2185
5196
6228
5074
8242
8924
5027
6557
5134
6690
4323
8223
3434
8711
6046
1327
7889
4351
3937
1874
7517
6906
6695
5187
647
3395
193
6480
4676
1578
133
5927
549
6397
3843
7688
5744
2671
1782
2428
2418
3861
3237
8623
4936
129
5468
6309
2783
8118
7980
7482
7514
3444
3876
6214
5701
4274
2441
7646
6585
6528
6175
7143
4480
5377
5743
1150
8371
2534
581
5532
1356
4373
8639
2129
280
4523
4798
6069
8125
5461
5901
2276
468
715
7476
848
2696
105
8273
128
2362
4280
688
44
2131
5637
6438
4431
1124
5158
4550
8227
4363
7548
306
976
5214
780
1752
6496
1647
579
1041
2279
4080
4548
6968
5015
6765
3254
7718
4412
4705
2770
6454
2411
850
6301
3680
2839
8277
3016
790
1869
6211
4800
2837
3342
3519
4298
1365
5846
8262
968
4581
901
7851
6178
4316
2861
7125
39
5676
1857
4947
2897
8667
5300
892
4647
6389
1298
4981
6936
3525
6222
2388
3756
6508
4166
7839
8037
2537
7280
4625
2898
1669
7145
4119
1764
7300
4878
3329
7113
835
5368
2355
677
6736
822
8180
1471
197
5093
3310
7059
1158
3347
7292
1335
7639
7140
5092
815
2686
7967
336
2508
6468
4873
6099
2847
499
7704
2376
1717
4889
8798
8938
184
8789
1410
742
4186
5058
7230
4840
8968
404
5091
8062
3762
7650
5148
3208
5119
1809
1217
931
4023
5061
760
4184
7622
1190
8498
7312
5907
6027
8119
1608
8153
2910
69
4963
3273
8689
6812
6867
5773
249
545
8284
6874
3091
3314
2856
6999
1497
783
7268
6738
414
7228
5669
3373
3678
3438
2838
5110
2422
8510
1753
4744
5999
7738
2389
2547
277
4686
7604
6538
2834
8741
8175
8781
6366
5571
6623
7917
1812
6576
1587
3585
3385
1998
5430
1077
6920
841
1734
5971
3300
6720
4056
7966
7682
3446
354
84
5978
721
4501
985
8883
827
1846
2270
5010
3151
5791
3156
8188
5659
3883
559
1358
613
6781
349
8600
2901
7241
4520
456
7269
5211
7952
5562
3214
301
14
2995
3018
6460
6004
1527
2791
1049
4528
7909
8428
3096
6910
8272
2134
4414
5596
7270
289
4015
5742
8499
8328
7915
6752
8958
3660
293
3739
6520
6364
6057
932
5487
8291
3870
773
4352
5242
3110
5201
6587
5725
5358
5040
1398
8634
7198
7390
5771
6919
3757
3056
1149
2852
5221
8725
7771
734
4790
2692
967
8423
1701
1025
168
6907
4689
1035
6913
2560
5638
1194
2034
2491
5157
1001
1518
3011
2985
7911
1719
3960
6485
1490
3052
3781
4729
8708
4348
5447
490
874
4
2195
1487
5749
3506
8413
1421
5996
3836
3099
4675
149
1889
2610
809
6618
2215
7016
8816
8557
41
1104
1329
8991
274
7180
2124
1214
1140
1660
3853
459
212
8405
1552
7630
7640
7403
884
710
3322
8025
5127
936
5086
7413
1760
8004
7298
7561
1575
5426
6408
8832
5860
2221
4279
7096
4120
4086
5580
4138
5097
7804
8307
8613
5386
989
152
2036
8021
1993
6555
830
5337
6101
1015
4025
6685
1541
1512
2650
3723
8584
2890
3599
5390
8314
3382
428
4229
2683
2768
7550
2952
2493
409
383
7444
1008
7569
825
6923
3508
121
5180
5024
10
8495
912
3831
2356
8433
2926
2322
3644
1397
2801
4357
3968
4701
7791
8159
861
85
1039
6790
2630
4385
1780
8994
8245
1919
8989
4031
1858
7988
4532
5798
8052
4011
870
4305
4376
2069
1109
2570
6198
8049
2109
5688
7003
1427
7008
750
7722
7785
6519
3632
2848
3954
3933
8339
3470
477
3648
3689
1807
8894
8146
3464
6663
3965
5165
1096
5992
6774
5869
1395
2054
2977
6356
2208
4095
2050
4165
5482
3468
2694
1617
6850
3154
979
3855
3218
4521
8174
3046
5629
1482
4219
6355
5113
2272
8135
606
7254
3308
7673
4309
8183
5089
1740
5186
2487
4242
1827
3776
1206
8107
6995
2777
1720
5937
1308
7253
3001
2149
6116
376
4066
2494
7322
8044
5816
6068
8288
542
7023
4919
7309
8801
6507
2533
7884
5284
693
6796
7479
2127
3611
2986
1723
3749
3198
3316
3479
5062
8847
8611
5109
3925
1472
4404
8138
733
6421
4574
3366
6170
5963
7248
1295
800
1528
3996
7410
5517
7706
3559
4743
5285
8562
7803
7508
6511
634
7447
4340
1904
3152
4162
7297
6377
8931
4189
6813
921
3119
5382
5051
753
1649
7587
8545
1034
4460
3368
3697
869
4177
2956
3658
2903
3079
3282
1901
4209
6053
3751
1962
8963
5787
3212
4717
3626
7491
1746
5026
3351
3550
5261
5679
8419
573
6881
8478
1751
7705
8532
692
674
8765
230
5231
7493
1779
6786
142
3264
5349
5946
8808
5018
8410
8292
1059
5875
6014
3887
748
2358
4620
3516
3922
8558
5464
3792
2622
8595
7523
3482
5721
2900
6284
4824
3591
4623
2498
3033
2814
8978
6138
2211
858
996
6492
7451
7712
5930
4883
144
3838
6972
7442
7225
8955
3634
8164
3518
6758
2146
6207
4573
6424
252
5820
6444
7855
8517
3951
4969
2804
7675
1288
8320
4439
8738
2367
6804
135
1148
4899
6625
3956
3899
1305
6676
785
2964
4700
5020
2951
8330
7831
3363
7546
5329
5833
3575
690
3040
6771
5077
557
2717
4616
4392
6987
6794
8969
6851
3889
3679
937
612
7174
5951
953
8941
5017
944
3481
6081
4461
3288
2391
6916
1925
2754
6807
3223
8350
513
2611
2585
8561
8464
4122
5557
2417
5781
7392
4525
5657
6184
7877
5401
7958
6103
4260
219
1622
2591
8944
679
7439
7414
6134
6241
3471
983
6240
7389
7135
3886
6699
4752
1556
6885
4365
1989
3849
7204
3560
2301
1213
4366
888
7273
4311
7598
8772
153
49
8724
450
3818
5531
5224
6560
8803
5243
6064
5149
2937
7691
5584
2704
3189
7581
3357
8889
1007
8620
1496
3136
2277
2364
6878
3609
4014
8701
7191
6564
4612
3949
6437
6340
2258
3247
8914
1071
2365
5322
8630
3555
265
8858
6386
5714
8865
7555
5126
7223
8673
2043
6679
6953
6865
3582
3134
8666
3301
8327
7384
435
1028
485
4475
138
4626
8684
2896
6304
4440
394
7619
771
8799
8269
3183
3094
890
6858
439
4513
5485
402
7638
2327
5008
1156
7744
4034
685
1168
5396
8013
91
4375
4104
5777
1986
5745
5720
8594
4637
532
2914
6509
2343
7544
1167
7450
4503
7697
2638
1468
6842
6678
3971
3821
8443
2378
7153
7091
7325
6939
7320
8868
3579
2673
1122
6035
4347
1013
5023
2743
6962
5419
5030
1990
8488
3549
6000
6998
4276
3902
987
7533
2702
6258
1981
6277
1691
8099
5961
1897
6345
808
1045
8636
2333
1265
6107
1297
1690
2311
2929
1679
1172
2157
3941
4108
5366
1019
2209
2536
8165
4971
2239
8
798
3155
2602
6501
3242
2930
7461
1479
2115
1147
8296
812
338
8983
6354
891
926
7329
5069
1638
969
8151
8508
8560
5169
6831
650
610
5763
5454
6305
2693
5826
6312
2780
4113
1324
5389
7936
4747
5686
3707
4745
1516
4465
6542
374
7358
6609
4171
112
8364
3384
7653
7164
2787
7139
1540
6388
3554
2724
6870
8249
7187
5350
3605
7332
3627
3834
3789
1641
8855
4435
7249
460
8027
5535
4223
7969
5320
8444
604
7680
8967
5342
3457
582
4008
8416
1583
8528
8264
8892
3556
7987
5418
7441
7857
222
8390
339
7888
7379
7177
6647
8357
1111
8690
7210
8123
4321
8875
1930
6118
7004
311
8148
7670
2213
2605
3722
4473
2455
1087
4821
4081
7355
8252
4163
7748
1726
6147
3826
2114
1845
3403
8807
158
438
8306
1967
8133
486
784
6338
1144
5658
1299
5825
3729
8949
7237
544
7846
1272
2237
1683
8635
8481
2067
801
8280
7261
3975
203
1980
8480
7200
4769
1506
763
1353
2240
8980
5167
3299
8012
2955
38
2779
1847
1855
7397
3720
5268
7375
1270
5674
2595
8046
3426
7805
8718
4663
4710
5696
3469
2339
547
8152
3097
1142
1486
591
7833
8260
4606
5767
2121
8928
2864
3483
8727
6161
3892
1773
6588
4871
2695
6645
7021
3684
371
5687
5812
963
6446
6868
8298
2716
7428
3828
2142
1258
4090
6181
2448
5950
1696
8601
4673
3129
6066
4399
8048
323
5456
4010
3063
2012
1436
4381
7242
6712
3563
4742
4300
2495
8020
3898
7150
2436
1357
2000
6650
648
7007
8898
1498
6084
4109
8217
2958
4247
7736
4732
1343
7462
6481
6665
7339
83
263
7107
1253
2715
8990
4785
2549
4823
6011
2246
3169
4317
347
4047
2065
5794
134
5206
1063
1377
4786
5159
2483
2165
4524
5104
6882
3943
2573
5016
8874
743
7731
1257
4181
2108
5675
5501
6905
3628
7103
8140
7637
7608
847
1433
7496
8895
3909
1792
4058
662
2138
3769
8716
5150
5502
7931
6816
3196
8033
2566
6352
5346
3253
3440
4145
6677
5874
6561
2920
8683
470
8778
6262
7898
248
3799
2668
730
2178
3406
3051
2529
8871
806
813
52
7475
663
6935
5185
8303
3999
8348
862
3667
7594
8156
3180
3561
7553
5171
6737
4477
3974
8239
4667
3049
3243
8224
1699
5549
7416
6669
5819
2315
3641
3864
2023
518
5595
4694
5705
7632
2553
8818
5153
577
1249
5326
3298
2962
3911
2345
1775
3402
4697
7029
1576
6216
5809
4233
6642
4791
3852
3248
1159
2453
1894
6036
58
1317
4639
8705
2175
6484
7856
1759
4228
4394
924
2680
1118
3867
4409
185
529
971
5111
3639
2714
4982
8490
8226
7542
5139
3865
245
5504
8501
5974
4806
6572
6109
4659
181
4870
4558
4560
6321
1304
6380
3392
1943
215
4708
922
3837
1620
911
6441
4371
5989
95
8247
3953
74
5421
2925
970
4481
1656
5416
8017
5655
689
3878
7997
379
4683
4136
3553
508
5623
8341
4904
3269
5573
4522
1922
3659
5009
6688
8530
4833
1221
260
8176
8926
2196
8751
2431
1829
6414
2250
997
3687
3338
6614
4834
3805
3492
8854
1404
2194
2137
3006
3036
429
202
6872
3752
7049
3522
726
8343
3568
8028
4844
4545
4967
5132
3964
3495
3963
3003
7822
255
5799
925
7434
5593
6717
2965
4296
4815
1865
6682
7882
7769
886
5496
3137
3594
3543
7665
7719
6443
5249
3147
868
6536
2197
1987
7217
472
4569
7162
2332
2738
3130
1255
1607
2133
3576
5273
4951
7629
6002
7956
2028
512
5835
5631
3002
8255
32
7163
4259
2518
846
2753
8069
8596
6016
2906
7717
2778
7605
6300
2289
201
1088
3735
1220
3458
8246
7014
5440
4590
48
590
6533
6731
3445
1822
6930
2321
5066
4256
6289
6440
1003
6197
5314
7943
1763
3276
2561
8271
314
8026
6102
1481
6372
6611
3931
7780
5223
787
6514
5694
157
4692
5292
5025
5808
4566
3603
6242
2676
286
8091
8720
4948
6837
2295
3586
6770
1508
2812
3467
2874
8921
3203
15
6456
493
776
2335
8770
4750
6477
5100
8627
5851
6539
8361
7060
271
353
3919
3649
1181
4271
4160
7435
1631
1388
1890
4073
483
3043
5952
4586
1347
3346
2562
6224
7262
994
2421
4000
5707
866
7504
7193
8088
3564
6369
7169
8009
7534
2064
8985
221
2280
4557
7202
5683
3991
7662
4564
2433
8543
3500
2641
1113
4232
7625
5575
1997
4721
4055
1379
1816
4681
5797
3524
7824
8399
7866
2254
1929
4020
3476
4362
6453
4589
2051
2492
4006
5083
5690
7537
366
8466
5935
1535
7616
988
6950
5903
8827
8819
6723
5071
4984
4434
7277
2386
5383
1663
6476
4608
279
3623
1538
4356
2997
5279
114
8066
4224
4061
2663
4156
521
667
7798
982
2039
6256
3801
8694
6249
2707
4777
2041
308
7057
1815
8486
3617
8362
2401
4301
6929
8915
3513
1278
1974
89
3588
8663
3030
1413
1449
312
1380
3715
8172
789
6174
7364
7745
7128
4839
539
6696
1599
7526
500
4292
1367
7399
7098
5928
796
378
1201
2748
6348
3399
4059
2179
8671
2885
3150
540
5022
7957
2466
4609
1382
2110
8549
7194
6901
673
4611
6591
6394
296
4792
940
4571
5315
6803
8537
1154
2167
6280
8792
7656
1624
283
4865
7463
7293
8139
6879
1254
2267
6755
526
2070
8402
3551
4632
973
1781
4836
8773
3102
4372
8300
5895
2260
2055
3664
8932
7900
359
6208
8723
6358
5613
2479
5630
6199
2430
4012
2425
4498
5558
7316
75
6201
3607
180
2094
3455
5379
1840
5949
2598
2895
8316
1983
7631
6806
1674
2931
2156
5207
8434
7264
216
8127
210
6050
2688
4998
6278
5661
2262
5891
2296
1076
4304
3020
6260
833
7928
7730
8529
5408
234
5082
6603
8063
1387
1244
6914
446
3745
728
2429
6349
8379
1559
7671
1800
1803
7304
3577
261
5710
8837
426
8094
1027
5144
3427
5162
5225
7683
7331
5205
8927
2523
6264
4079
981
5163
8831
4468
7371
7333
2325
1695
1627
4975
5143
7422
3449
1051
8338
1125
1092
3546
1038
5828
5353
3863
8378
2145
8038
5028
6926
7907
5164
7993
4360
8884
5099
6074
6568
8397
62
6922
5827
4474
4992
1721
2242
2263
3270
8340
1736
857
1238
952
2760
2749
4384
2336
1349
6547
3076
8590
6651
4563
7307
8147
2699
2761
1907
4764
3232
7053
4060
1309
5855
3615
243
7601
580
7001
7970
7510
3569
7002
7056
1099
4872
4333
4754
4495
4033
3244
8243
8603
4678
4585
5457
7807
5882
1953
3915
5559
5427
6269
3538
4112
1289
6832
1240
8709
3235
305
1431
8437
7160
3202
4810
1036
8396
7912
2316
6543
2825
1195
2872
2113
3565
25
7362
4826
3128
8905
904
3692
4938
5114
7112
7940
2987
7466
6823
984
8392
2810
8132
8483
2236
8095
1560
938
821
8059
563
4866
5486
6427
1453
5293
8377
4784
8911
4428
1786
1544
6565
7817
7199
4755
2218
1390
7136
7735
7201
4765
273
6904
8953
8496
675
253
4592
5344
1229
8325
2604
1447
1898
6073
5466
7610
8504
1083
8198
2670
4619
8289
1880
2230
4922
1392
642
6225
1630
652
2018
6493
6483
3969
3702
4994
5283
2020
5319
4423
4507
766
3241
474
2776
3053
125
1686
3367
7019
3296
3165
8503
565
7064
8919
3747
4855
8459
162
220
5332
1697
5194
2660
7659
562
2359
1579
3738
4879
109
7606
19
3041
7949
6934
7494
5339
5704
2081
2919
7025
4308
8331
3017
1273
5983
803
7326
1657
4874
2869
2807
3766
3210
7746
5782
5505
3398
1188
4368
1232
386
843
3281
2440
4927
4797
2214
7908
1563
3047
6586
3763
1837
1371
492
4158
140
4494
3303
4543
4540
3573
6554
602
8342
7039
4653
1435
7376
2107
2805
290
4734
3414
2413
8177
4989
3539
6840
3938
8516
4958
8811
2972
6360
6624
278
5218
631
4828
1702
3090
1810
2465
5878
1892
1731
1879
2855
524
6924
5031
416
4127
2515
7502
8869
3360
2944
5299
3222
7848
2130
8776
7685
7512
6559
5103
4539
421
1604
6784
7489
2891
3881
389
2361
2210
6390
7179
2507
6231
7890
2499
8432
344
1131
7495
3888
2884
2486
4450
5955
495
4913
5140
6265
1713
7043
3614
7347
4731
5610
807
896
5789
1727
5282
3504
7726
8682
4064
8546
6010
471
1799
1174
1975
8771
6491
6126
1069
72
4491
3238
7599
6602
2799
5524
6757
7455
6955
5198
7157
5302
7402
6566
7348
6952
2990
8370
6864
7005
3393
167
4565
4614
8422
4315
3705
5788
6188
7418
1399
53
7968
3978
2128
1774
7757
5528
2593
3832
7981
5990
3354
7732
8523
1648
6353
7560
7066
329
118
4398
4753
8205
899
8317
4740
795
8435
8846
5841
8129
5380
1235
6212
2048
4126
8381
1153
7425
3688
8460
6135
7953
1502
4106
6182
2552
8355
4337
5818
3921
7018
3263
7076
977
3502
5663
7747
4042
8071
8604
7407
7574
2684
7382
7432
2563
4483
699
6041
7498
7927
4151
4285
8472
4972
1843
7829
1248
4514
5096
7131
6500
7458
4134
8304
7749
2063
137
120
4457
2212
4741
4935
1261
8008
4733
8796
3419
4881
7126
3980
8977
3118
6760
4724
4546
8053
4504
326
8263
3695
2867
1230
4570
5212
3230
3662
2645
2739
8222
1811
6546
1129
3866
7505
3307
2424
4410
6334
6601
5467
8130
2303
8086
4244
2927
2085
4443
8374
7991
4479
8514
7525
2082
3651
2933
3057
364
7734
7209
8336
6110
7078
3340
7818
244
6065
1119
5477
5821
8588
8930
1340
4519
1673
4222
3851
3226
5756
7393
2284
4781
4084
3026
1126
7492
6194
5843
1212
536
5429
4130
6115
7152
5780
8790
2467
1352
5360
4210
3280
34
3050
8072
3798
2811
1459
5462
3824
5736
1266
3490
2636
5280
6610
6583
3515
2010
6288
867
817
8649
5290
6217
4923
6545
4324
1282
2736
5649
1328
8029
8800
1831
1441
2019
5654
1603
7842
2200
1030
2759
110
3819
6595
8406
8297
7764
8939
1791
8031
1577
1710
3250
8559
6890
5200
2677
2820
6462
3534
8398
7310
6253
87
2088
3701
173
2478
8266
4493
5624
630
1945
5189
8993
6430
8527
300
4065
2103
8215
401
5975
4174
3284
561
264
6724
3330
8163
8843
2555
1021
1057
2135
4597
1223
7702
566
6137
8181
7011
2644
7516
3673
5896
2512
5867
2975
3994
7899
1360
949
4699
6502
413
276
5918
4915
3397
8788
2079
8376
5424
7308
7400
7944
527
1115
1425
7892
1891
3706
5364
8294
6941
480
3061
872
595
8943
7324
5361
2490
7089
3236
7694
1306
3171
3283
3255
1920
3822
5032
6652
5547
3287
1515
6740
3759
42
7820
6896
1032
8592
3321
1580
6351
8404
505
740
2181
5779
6291
1882
3742
3447
342
3587
407
1166
5741
6180
4723
6143
4353
3803
6551
2728
3335
6947
7959
2755
6094
4415
4018
8885
1979
4346
5508
8602
1331
3672
3926
8981
4766
8007
2
7767
7067
2550
603
7681
3993
5934
4542
8457
7245
1161
6419
8179
6562
1073
5929
5510
7062
1242
5327
5423
7893
1667
3309
7838
1386
325
7099
6272
8658
238
4937
5727
6884
1207
6744
1984
3897
8676
4831
2509
6892
3193
6829
7723
5410
2005
1639
6316
8805
2166
5296
7835
1704
5723
8365
8852
4934
8080
5892
7239
1871
8248
7799
5916
7515
3774
4489
2894
5227
6246
5012
2101
2190
6019
8182
4102
7687
1281
7984
5538
3714
8706
5717
7240
6694
425
385
794
811
7948
4530
1215
661
4575
8445
768
1022
6007
5433
1302
2482
6062
7426
8408
2579
208
7845
5248
1547
4572
8092
2993
8565
2151
6466
5829
3022
3844
7709
2117
8456
8349
6524
3487
4890
8479
8882
1311
2285
341
6028
4021
569
7133
5556
8797
2918
6886
5991
6341
3139
8453
449
678
224
659
4602
1553
7234
8879
2046
8863
5295
6662
1507
1082
519
4406
5555
186
1833
7122
3760
1012
3914
3480
2475
2366
2725
3655
7618
1133
6643
4978
589
151
6072
154
5210
5003
5269
4555
5445
7901
617
107
7862
1193
5998
4630
3039
5957
392
4802
4191
6657
2600
2653
6063
8084
6097
1204
6517
1709
5967
5790
6292
6229
1537
2022
3622
7381
6946
7115
4211
8734
3900
5662
5550
8418
5179
4418
655
5534
5301
504
3409
4679
3089
701
8438
6034
6337
6275
2473
2123
3201
6733
1426
8513
5000
5831
2403
2162
3657
8659
5497
8615
3029
5203
908
4693
7338
6331
6399
5729
5682
7699
3337
8647
452
6040
3135
5402
4908
5884
6193
6236
4814
1820
8887
2097
4605
398
3779
5541
6490
6604
8436
8554
3998
6417
8010
4793
2845
8860
1520
8840
5700
7854
2299
7995
5987
3114
8888
4631
36
7797
8722
7244
5968
8087
7453
2960
4170
5176
5735
96
7101
8230
5589
1895
8218
4656
139
933
6891
7920
7897
5966
5398
4912
1368
6981
8833
5680
5041
6434
2252
3814
1965
1366
5142
2294
7038
12
8901
8196
8000
5182
2347
8519
8804
8492
1473
1263
8301
6574
1065
7054
6093
6661
3277
3019
7250
5473
1536
2153
5166
8750
5837
2098
2527
894
5438
3325
732
4893
7102
8363
7552
1454
8829
3528
1120
6203
2257
3787
3778
8866
6634
3620
7926
8124
1445
6302
5639
6255
1642
3862
1247
5976
2766
106
6247
3880
103
3992
3537
4654
3671
5500
441
8628
1315
3297
3289
5980
4594
5908
4906
1941
7406
8003
5465
6051
4728
4419
4985
4196
2943
2298
5084
1446
8621
3163
7088
2474
719
4325
3441
871
5699
6200
6769
3873
1070
2283
3694
8518
1424
4128
2719
4738
3113
5698
2569
6612
1440
384
3004
5900
3498
1157
218
5849
4983
7154
4442
29
7041
6933
35
6359
1805
1203
5758
8952
5876
6928
2938
6667
1884
3830
4649
3093
4227
1856
1824
6970
4464
4115
1545
2669
622
1885
1342
3545
8212
6532
395
7759
5048
8998
6531
5005
5574
762
2445
2741
2782
3068
2016
666
6802
4265
3845
5251
4973
4343
7220
2912
2771
758
1823
1169
2100
80
5765
7490
5072
910
7565
4599
8006
1044
3231
1437
895
1476
2703
538
3882
560
8207
747
587
4914
3597
8606
4960
98
5081
3035
695
8367
8824
3432
4155
6032
7120
7696
7707
5287
3877
3593
4842
2224
6274
8115
4167
2632
5406
1318
1996
324
5915
8589
5572
7028
356
161
1079
6860
764
3930
4822
115
2202
6077
2908
2565
6931
5921
7906
5046
8452
8321
8388
1754
5128
406
8520
6339
3370
2878
233
1170
597
831
4289
3140
7142
8857
7321
6912
1026
3868
1883
5403
8171
598
4774
1797
1561
6641
5141
2819
4584
8779
6306
4991
4527
287
4735
3143
7344
2068
3252
788
7022
8193
5436
1283
8001
7925
2769
7203
8385
4905
4182
6308
8134
5047
2525
8259
6654
6805
8005
6325
3947
2396
8733
8918
7642
8275
8186
8467
8482
3120
3060
56
6927
2385
5644
313
2953
63
6728
7828
4098
8748
331
6088
3173
8090
3433
916
939
2204
2447
767
3125
8654
6152
3885
3315
3073
3713
8313
6479
6826
7741
6778
7404
99
4401
3162
5375
3262
40
6819
1864
4837
1341
7692
8940
4779
6522
2485
3675
2476
1348
3372
8817
7361
3204
838
5481
3328
1016
5590
6190
5388
1724
636
5776
3224
3771
3362
251
207
7085
7236
3355
8324
1146
1085
876
7119
8270
5307
5994
5582
3758
3856
6056
7935
5138
4957
8502
4001
8074
4005
5512
5116
6871
5537
3806
1825
2397
7710
5435
7499
2186
1908
4217
6921
1488
4610
1693
5543
7775
491
4645
2991
1939
2380
4159
3149
5014
8194
2205
6639
6412
8841
1705
498
8947
810
2846
88
7733
574
3324
962
1584
506
5324
3934
8856
3313
1931
346
7232
7657
6984
4801
5038
1618
4403
7864
1770
1737
2558
1068
5470
3668
165
4959
3790
5731
3081
2735
8767
3939
7896
4730
3371
2795
4221
6119
4911
791
2551
1423
8485
7891
7714
1286
1004
5603
5599
8954
856
5235
3997
7032
5509
431
7027
8580
8484
793
2734
190
889
4173
1291
7795
3375
6635
1783
2946
3501
8535
8285
4364
4979
4943
8553
7190
8699
2111
8962
4427
330
5738
5601
5160
6329
7286
1078
3425
5581
3802
3178
7031
531
3920
7636
4925
3719
1637
6719
8468
2730
2118
8758
51
2300
2524
845
8609
4466
999
5255
7093
2053
5606
844
3100
5922
7597
3463
6866
5671
7159
2844
77
1860
2784
8440
6836
1688
2451
1628
6750
6741
6800
2158
1173
6058
3369
4955
5175
6994
1772
1546
5697
7275
2329
6636
5080
3726
7568
7559
5345
7971
8891
2757
5471
2177
1338
712
2399
179
2042
6095
2924
7827
5525
6793
6293
3334
3396
2813
6990
4342
3345
5548
4988
4588
8702
3961
7037
3271
4092
860
1971
4863
649
1483
3172
3942
8612
8744
8079
6313
5312
6169
3461
3924
3024
2745
6711
45
4648
7372
611
8984
3927
3167
3448
7299
3653
410
6629
5393
8083
7417
239
2247
1458
7729
1183
6897
8573
7962
5101
5129
6445
6655
2217
3108
7235
6037
927
5029
7895
957
3946
7252
7945
2469
7887
8042
6550
1935
1064
4812
6371
5443
2084
1514
3654
4829
5862
7881
2577
5979
440
5931
7666
481
6579
4361
1054
6861
3404
5195
1375
442
54
5803
7941
1121
2390
3772
4695
946
3890
2468
5830
8964
8036
1406
3405
1849
5740
4762
3850
2532
2269
411
658
6086
8329
3258
4795
7061
231
2617
2599
7100
2059
2480
1730
5155
5253
6567
3228
5184
8756
6315
4897
2216
3663
2427
6590
5108
7836
641
2603
6495
8747
3205
5135
1878
7420
993
3598
7840
8085
8937
2876
865
2941
2528
7686
400
7246
2268
5938
3157
1267
5796
3126
802
2438
1241
1080
6195
2575
1776
5868
1097
2992
3187
5981
3199
6433
1277
4698
2077
1529
1184
4389
2030
5050
596
1960
914
8352
2624
2220
3179
4286
1862
8096
755
7663
1610
7592
3327
3209
6902
7050
2290
5057
6725
4449
6303
2984
2078
3970
4341
880
683
7097
6569
2379
1573
1680
3101
2829
5579
5449
5384
6911
1312
3505
2530
6405
4257
8870
1138
2235
7488
6376
588
2066
1043
7213
3009
465
2368
3386
7438
6173
1976
7427
786
2136
6512
3145
1671
8973
805
6846
4266
2607
3624
8075
5123
5308
5764
6709
3305
6721
3835
6436
8583
5267
1598
6687
8380
1162
5879
8548
2497
6463
242
1991
2489
4680
7132
1264
6951
7910
3698
8359
7603
5021
7801
5965
2614
7334
5858
7573
520
528
956
380
8221
2981
3430
8539
8581
1767
4531
4867
50
3896
6747
3466
744
955
6616
5491
6082
8054
1519
3730
6157
2275
4318
5236
6877
4019
7847
2032
8542
8204
4416
4142
3195
1139
5772
8698
5618
7195
5170
2857
501
1903
3936
928
5792
8806
6232
680
7258
2026
3647
3249
4496
8167
2095
1650
1964
4787
2405
3098
8491
5355
3918
8431
8936
4478
4894
1450
7947
5397
2219
6526
2372
8762
8638
6940
7869
759
1777
770
3602
1554
6100
1444
4135
5137
7547
8862
8387
799
7781
5208
6365
2357
4048
1402
507
5191
7965
8143
6428
4920
2047
424
4470
8587
6092
7724
4901
8150
5063
2052
101
1605
6594
4796
5578
8608
7291
205
7778
4411
8900
8813
1999
7620
2029
6580
5011
6600
1333
1665
3800
1294
178
7468
348
2969
2231
3527
1478
2545
1227
1412
511
525
6140
147
7009
7874
7105
535
6450
3732
2823
1102
2797
4036
4907
1316
6745
7577
7010
4270
8753
8849
8893
4344
7938
1601
3736
5085
3932
7222
4859
3940
6473
3517
2572
7580
4941
8823
4245
1152
7794
2866
8493
6391
2504
4595
3015
4990
6009
3619
8935
6162
1110
4511
5913
883
2416
1635
4004
7661
6455
1182
7314
4580
46
3333
4251
4175
1189
2948
3251
6042
2996
1887
3078
8411
1533
5539
6239
6017
2871
4246
4843
4748
8696
5394
4568
1492
4272
2682
6787
2459
8700
447
8258
7231
1378
6362
2809
5325
3574
8688
7243
4593
8632
510
3072
5145
2767
1813
8253
285
8742
418
4775
2589
4782
3566
6646
6215
7077
4322
6527
408
2888
8810
5641
8825
3520
7506
7256
1826
5367
6055
5240
5102
7758
1103
272
4214
7806
8665
5817
1400
584
235
4454
3418
5861
1415
1307
1274
4778
635
2860
4668
8389
2457
8254
8089
7452
1017
7433
7026
2966
270
3067
1689
5202
3336
3054
3376
8861
8158
8550
1484
3503
8197
2148
2521
8104
1434
5997
8629
488
615
7185
1165
5706
1128
4187
8082
4447
86
5001
2790
761
7524
4977
2744
1489
8353
7668
5494
361
2154
1543
7937
2794
2342
2105
5106
4147
7063
5120
3175
5652
1374
6751
4199
3677
4444
6689
1089
951
5387
4509
2978
2435
7405
1091
1569
3638
1275
2261
2988
8276
1233
873
2963
2286
694
8877
616
2564
8261
355
64
6856
3421
1037
8540
5566
1626
3485
1093
2556
7398
6534
5890
7116
8461
6059
575
3507
7814
1729
1171
4651
5715
7929
6948
5600
4690
1640
1464
1606
1438
2412
5766
8281
2414
4685
2873
5750
6944
8859
3359
7750
3854
8740
628
6876
2576
2232
3542
8166
467
1645
6889
1411
5732
706
6128
4420
4377
5075
3278
5754
8475
6268
2477
5105
930
1208
7360
5073
5768
4235
7816
746
5370
3192
6516
7768
1738
8383
6488
334
5098
5432
1314
7075
7621
7614
5611
8821
7421
8319
8487
332
6439
6333
7500
5836
8462
777
8960
2827
6317
6697
684
664
174
7276
6627
4794
5147
5585
5801
3489
6396
8251
5552
3318
4819
5352
7070
3220
2384
1718
3295
3783
6171
229
7809
8908
1572
2899
7263
436
2472
3168
5866
8662
8465
4043
1191
4852
6413
8872
4383
6054
1814
1928
1428
8065
3023
7327
4898
7323
751
6730
2626
5948
382
6368
7985
4799
2976
3988
4945
2831
1470
4262
7335
7543
7040
4253
5441
7158
4054
6125
6759
5395
7787
1224
5476
225
6996
3523
6230
4583
437
3160
4237
8458
4044
7419
1838
814
3708
4190
127
5381
7536
2353
948
453
1936
3475
5859
4719
5760
246
3740
7294
7251
8785
5197
5622
5605
907
541
4269
3350
7596
2567
6310
6096
779
2806
6112
7586
6142
8211
3767
6748
2711
5885
5357
8815
632
2159
1906
8427
8043
1957
3339
5039
8946
2189
7576
1714
5923
2089
5317
4200
8835
6205
4103
5460
1105
3166
2788
4634
4726
4953
7065
213
864
5804
4526
1350
7879
5493
2160
2940
2381
8225
5726
2662
3394
2732
1818
4751
3674
8103
2763
5222
2302
1757
1384
7182
6141
1694
8187
2868
3044
1978
2762
3848
21
7578
4040
3955
5620
7178
8439
5703
2936
4848
2661
6530
5059
5213
7951
8110
5751
3606
8526
6012
4299
2025
6156
432
1522
5323
4284
5489
7289
4896
8585
1586
71
8412
1703
3080
7602
7684
7365
1179
3388
1332
4759
8653
7079
6406
7520
8839
2706
4268
6442
166
1383
8105
3272
1944
7786
3304
1066
6148
8999
6631
1455
4314
4386
5784
6418
6917
6226
7773
4853
3122
7134
1808
2729
484
840
3987
5587
2318
2587
5607
6959
8574
8922
1611
4825
3488
8907
7330
6179
4517
7584
7989
4099
7146
310
6127
1442
6839
2843
7624
6420
2968
8310
200
6739
1591
6486
8547
7229
5365
5121
2086
2935
7386
1225
3331
3562
2182
3631
6792
1086
2635
4169
6001
3474
5499
1765
237
6801
117
6798
1285
5122
2432
8368
1525
4077
568
7863
2080
4124
8145
4144
3685
4129
6997
7477
6820
1011
7282
387
6544
5673
5564
5271
6852
8942
6374
4422
4655
5411
6403
4488
2394
4116
7170
5304
4771
4646
6458
8057
3621
530
6664
93
4022
8208
5614
1790
961
412
2297
7528
4949
7633
1081
6330
2071
5469
4518
1958
2024
7486
1725
3784
3443
5107
8384
4841
3364
2035
6942
7793
1910
4154
5604
4448
6888
3077
1074
2090
5905
494
7834
1769
2093
4999
4966
7975
8522
1712
3
5519
4013
2633
1778
5533
4220
7529
5670
1106
2062
81
943
7563
6023
8917
4880
4338
5415
6827
7918
5405
882
6975
7903
393
4082
2404
4140
992
6047
8497
558
1530
2374
4069
3133
7695
887
7658
4436
124
6945
1666
2939
1394
8290
8576
4446
1888
2637
7721
8920
2954
1614
4662
8674
1456
6863
8265
3291
1369
3894
294
4535
8347
8154
6238
8448
8582
1912
7830
718
4954
8693
2907
3311
5570
2244
8395
4737
3000
2571
5417
1175
3807
6279
2144
5259
3604
1187
4206
3383
7302
3116
7852
2437
4378
533
4776
4076
3709
7950
1784
7303
7454
7566
8599
7087
1581
7811
2173
3496
7247
5130
5265
3234
7939
8346
5857
7627
2481
1917
1010
8713
3177
5520
1408
4554
1048
8101
5161
8672
2590
5507
6828
5633
7221
7483
3770
2463
4687
4052
7590
958
6472
6788
4028
7690
4552
1985
5632
8899
935
3633
3265
8142
6136
5783
6506
1462
5785
2444
5730
4388
5909
8577
370
2320
1585
8238
4218
2971
7886
4533
8185
3191
6259
5810
2369
8755
2373
4696
8024
4029
1963
3497
1310
6176
1565
3820
7214
6461
6761
5526
8451
3159
878
7383
8597
6415
4603
3117
6020
8409
5431
8287
8333
5373
3753
6090
3570
1370
7885
2471
1503
4429
2942
7259
676
5090
5118
7976
7703
8997
7557
7369
2863
5455
5506
6049
7743
7168
555
2256
4758
4172
6398
6404
4964
5681
4396
6983
4146
7589
5422
4359
3981
6521
3811
4294
4261
5060
6373
6409
4508
879
6283
5755
3816
7042
3413
3646
4926
3841
1830
1134
7545
217
3825
653
2351
8391
4813
2979
6008
5972
4319
3703
8109
66
1867
5985
7760
1670
2045
6189
8318
945
713
343
7012
4087
7647
5052
4674
2163
1899
5054
6327
3629
8267
8278
8697
303
6342
4067
3775
6726
1509
136
8793
5371
7549
2828
3420
3910
5964
893
5488
4627
8041
8446
3138
6029
7337
8047
8002
7305
8326
2201
2120
6022
3904
1135
5459
6379
150
5945
6104
6233
643
5070
6582
1819
1042
1841
4335
3246
2143
1977
4432
6875
170
79
3176
6674
5940
1262
8356
8023
1155
863
3590
8231
3410
5372
3531
3185
2720
2184
7716
5840
8643
5079
5852
854
7789
3491
1006
1927
6963
4041
8354
4650
6762
7518
6640
2817
4038
1137
6548
769
3669
8369
5247
4965
6469
288
4382
8189
723
7849
4933
2665
6964
2207
6799
1613
7923
2203
8429
4198
3583
1292
1644
4591
6423
8078
1050
6336
2326
8100
5873
3643
7756
7020
7999
3857
5067
3982
5982
614
4516
8308
7942
7341
4538
8334
6383
1771
5691
8241
3797
4712
8651
593
2994
6154
3442
5311
1271
8873
4369
6129
4374
3451
6375
5530
6
2973
8828
797
7443
7754
4062
2822
7472
8169
1279
7148
3734
1937
4413
8876
4547
1733
2681
7430
3724
855
1728
514
5911
2087
6071
7207
3879
4123
5042
4642
5774
8605
8668
2543
5904
5762
704
2014
8726
4997
3959
1672
4161
8572
1896
2840
1916
3083
1914
8657
3197
4780
4455
3391
8108
2419
3912
60
7651
6553
5648
3221
247
5594
2526
2708
7689
2083
4505
6844
3087
2168
4702
3962
8695
6523
7460
6835
8128
462
585
8618
3725
7973
3260
6498
3871
2621
6044
1354
1095
1853
198
8766
8463
6252
7035
176
8114
691
7982
6052
8842
3601
5565
390
6220
4924
4202
4310
6648
7218
6849
3005
2241
7674
7084
3958
1130
1023
623
3552
624
7868
727
4339
2243
2278
7047
4370
6658
3186
5883
5969
2584
7728
5822
97
8200
3294
8455
6098
2312
1550
4633
8913
4940
2027
828
7456
7737
1835
6061
2222
1715
37
6290
1590
2008
7961
7613
5404
7612
1055
3292
5734
7648
5642
7527
774
6705
6221
3785
2830
4485
3112
502
8664
8116
5625
5920
1056
6449
8867
8622
537
6347
132
5621
8564
7149
8786
2015
8234
4884
5188
267
4367
6960
5019
554
6714
4862
1323
7141
3261
6120
7469
6320
6307
2340
461
3704
1659
2675
2292
5842
1127
1681
5289
5568
8648
8131
7396
698
1539
1866
731
7377
6367
837
6706
6680
2989
4891
6589
6139
2535
6903
111
3184
3028
7979
3782
6452
4070
6113
4847
8692
5666
232
2313
4437
7841
3884
6257
836
1196
1199
2454
3716
5988
5576
1653
1872
7755
1821
6596
1932
7715
6957
2917
6732
8415
5546
1632
43
7279
8791
7073
1163
669
4845
266
5049
2187
2700
5472
381
2922
2061
5567
7387
5374
4148
7720
5125
6478
4783
1246
373
7810
2371
3733
920
108
4458
5953
8250
3387
3637
772
1526
2648
6766
5746
6965
1024
282
5183
6599
82
388
6447
3381
13
3858
637
419
7986
775
7068
6764
8137
7356
3361
1676
7470
2623
5254
4601
6893
6282
192
3711
1625
206
8777
3744
2122
1942
2765
6961
6031
3174
6815
8845
2808
875
1243
2461
4718
4349
853
2306
3025
4875
2341
4208
6370
1923
397
4704
2003
427
5871
975
4658
6986
5363
2309
2713
1570
1950
7711
1711
5112
5795
714
2348
191
1768
583
6537
2893
6003
1090
3625
177
4252
1222
8754
4918
4391
1643
1900
4617
2718
8575
4709
8820
8345
5733
1510
4767
4672
372
6691
8780
737
7295
6607
1259
3976
8157
8652
5204
3712
269
752
2462
2999
7215
3650
4640
2484
4248
7678
8209
3267
4900
6976
5094
6183
736
8903
7664
6978
1451
7166
2505
4230
8160
4713
2659
4995
5602
3319
5591
1745
8425
3352
5560
523
4816
7570
8335
4929
4407
3514
1500
5053
8190
2011
1381
2581
122
7782
1100
7770
2649
3572
8430
8531
8121
405
4107
1796
509
1658
5939
627
3048
7800
2982
315
7287
2618
6818
3412
1346
7109
2273
5881
2164
3045
6859
3636
4490
8305
6299
6150
1722
5331
6459
4684
1742
5274
8826
214
3473
5667
7351
8988
3595
1619
3408
1623
6577
5759
7593
5653
8061
4804
7878
3115
1072
7983
3986
8509
4720
20
5412
6168
5474
5420
1876
7423
8794
188
3429
2596
8714
4088
1915
6451
7114
458
5475
1952
4476
1391
7173
7623
22
8424
8992
1014
7083
2314
3158
3431
1761
6158
6206
990
340
254
5886
6575
1075
2400
31
5805
497
4332
3670
7579
2974
1758
3465
3693
1339
1596
7440
1409
8229
8896
6704
8680
3642
3581
7551
8256
4671
6177
1141
3107
4864
1868
7395
6822
1629
6718
1463
1651
7501
2225
1202
7318
3124
1955
5870
2947
5941
8417
5540
6673
6067
3869
3676
4587
3274
3064
3207
1513
998
2875
7872
4846
316
2886
4661
3860
778
2288
6749
5719
2849
7832
8578
646
2013
7946
7224
5656
2727
1662
7698
6776
6777
8220
7408
1905
7346
6954
3092
3109
2308
3200
6361
291
923
4046
7449
6660
4553
4278
3923
2106
5914
6130
906
7713
1337
8106
463
4856
4197
5117
297
3424
702
4111
1280
1117
444
2514
3213
8650
6296
5880
5264
1396
7465
6675
8077
7655
5034
1420
8656
4267
2443
2983
965
2865
1970
2191
5237
6204
4287
1595
6489
7238
47
3640
8067
7048
1448
2833
2229
3794
6218
4400
4096
1636
5932
8775
7172
4902
7837
5807
7649
8244
7137
3547
8081
7197
1785
1002
4665
4882
3727
2017
898
6314
7412
4216
8822
5888
1123
1334
1795
2434
8787
6821
8745
7192
7933
1205
6956
2747
1654
2541
6494
6659
1029
7409
4303
5217
5823
6783
8144
4463
3691
6617
3422
8610
5439
4598
6605
5318
1652
2074
2656
8019
1789
6475
1321
8111
2818
3088
5250
1145
6281
8051
1834
2642
7825
4330
4807
8141
236
5598
1326
4093
3075
4204
633
2597
3239
7374
1466
6108
2223
3070
754
8752
2698
5151
3268
357
1766
2346
2060
4426
4534
7875
299
3557
745
6504
3211
3058
4952
8703
1467
1418
2950
792
1268
6087
3188
6637
6145
1218
8945
1393
2075
1517
102
2510
8731
6132
1219
7914
78
749
4164
3696
6164
1480
5718
7111
258
6411
8470
5453
8544
3610
8625
897
3764
2116
1112
6013
5906
6510
57
2781
3472
8039
8235
1609
2905
5275
756
1913
4425
417
4757
915
7588
7288
6426
3944
4660
5298
5838
7774
8784
4355
1592
3635
3027
8677
6114
1226
1457
6649
6457
3084
6908
3037
1801
7645
5033
1495
4239
8769
4045
1902
6847
8670
2678
849
2073
28
6187
3450
2685
4168
7522
6584
2370
318
7654
5044
1269
572
8203
5334
4185
1101
2330
3153
8136
3903
8219
4763
1873
1
2913
6814
6989
2658
6883
3700
1863
5962
8178
1926
1256
8068
7415
6263
7765
5872
8598
5716
6431
5241
8764
4469
7823
7118
6668
454
735
1521
8749
4297
5898
4441
8073
8505
3008
2331
4273
4850
430
2816
6854
7607
5515
5513
30
7978
8360
6966
5297
4499
6791
8906
3415
4295
3454
2785
2764
7954
2628
1362
4039
119
5276
7167
5527
5925
877
489
942
9
3875
4327
4192
6273
2274
8782
8149
6286
8645
4621
1192
1151
2690
2520
8848
4207
4688
4238
978
5172
5956
2226
1414
986
3343
367
3928
1239
5002
5739
403
8660
3908
6943
4670
5647
5626
2559
2464
7503
6271
5262
7082
3379
7860
2879
4258
423
4176
2112
7693
7905
2038
697
8477
6392
2072
3983
5877
8783
4803
2646
2832
3950
6276
8441
8112
6862
859
7284
1851
1571
5628
3227
8614
8853
2180
2304
4329
8293
7865
2928
4885
2199
818
8494
6620
919
6656
1178
2377
70
6958
1951
5347
8880
8064
4110
1494
1114
7357
2655
2657
7992
3493
3840
5646
2652
5643
5294
2826
2625
5811
1376
4467
8162
8489
2850
3511
4657
5685
885
2721
5853
1033
3400
7394
8566
5305
7161
7859
2406
1108
6622
4636
4089
1160
3279
7349
6026
7110
1532
3285
6223
3728
7478
8014
6900
3344
5806
3416
6982
5484
7930
209
5006
705
8568
7591
6079
1744
257
4328
7024
8626
8210
59
2265
4453
6937
7071
7990
7960
6123
7219
6048
5133
6515
5316
824
7343
8975
4302
6153
3148
8126
4150
1185
7181
5007
7740
5960
3608
375
3141
6393
4618
1938
6703
4851
1534
7994
8704
8972
913
5917
4249
8979
3985
2836
6192
1385
1143
1615
625
2450
4858
4291
3038
3984
4739
8076
556
7784
5392
1602
6615
8737
7595
4153
7932
2091
4536
3731
6144
3245
1260
4320
3509
626
1524
7319
4887
1948
7924
2007
352
682
3788
1924
2439
8214
2854
5245
516
6039
8344
1062
3741
1319
8729
5747
5645
5359
5362
5973
4149
4139
8447
4075
7267
3748
5942
2516
5216
2398
3132
6918
4854
7883
445
2945
6467
5229
1132
8641
3349
5545
6015
7802
8098
321
5778
6763
4240
6346
4078
5651
6448
4830
5193
7051
8473
2880
6209
7777
4194
725
739
240
5702
6974
8117
7317
7391
8536
2319
7069
5786
4877
4809
3810
4486
7742
4756
5650
1988
2172
7641
1852
7353
7567
7600
5136
2859
1344
7045
765
1564
3977
8525
1684
3717
4703
1250
7127
3215
3973
1094
8571
5636
4811
5728
8268
6213
2858
8055
6735
7
4183
3332
1416
1859
3462
2161
2548
6833
7175
6581
5970
1176
3773
7121
5616
8322
7336
5409
6767
2344
6525
599
3103
1407
3320
365
7183
4462
5376
7448
3592
2904
823
7700
2921
2710
295
3377
2583
8929
1287
2802
6202
6030
6967
6979
576
3768
5463
1107
2800
1934
5588
2501
1330
7507
6297
3085
5413
605
8351
2916
7776
126
6381
8959
4727
4331
3401
4100
8934
2317
3071
6363
2033
7779
1994
4097
3144
2395
1211
3007
3459
7315
2709
7123
5834
6122
8616
6410
466
3612
7609
2383
3666
5936
6038
5924
3411
4638
7388
2349
1678
2647
1047
1558
6702
6630
1419
7352
5407
738
3293
6085
8678
6060
6898
4711
6121
5330
3257
68
6429
5152
4225
829
7727
7378
4117
1053
7626
189
6395
3181
1567
4770
5542
18
3990
1549
7509
564
7350
1798
3829
7783
5536
3616
159
7669
1523
2619
7819
4121
5753
4607
7635
4306
5864
8971
4231
934
5335
2712
950
8923
337
2500
2574
7144
3290
6323
707
6608
6855
3929
6196
3917
5425
974
259
3895
7611
8515
5910
5761
6105
3306
8644
1373
6227
4746
4326
2264
638
7436
7345
6592
8844
917
5986
8712
3645
90
3436
5444
4706
7086
2188
17
5724
8309
5844
3423
7380
1429
3532
4482
7034
5385
5529
991
4035
5563
4091
2568
1687
4932
5554
7843
6834
5492
3699
3967
8904
7481
3809
4669
8950
2354
5503
2592
3823
2119
4438
1875
226
8957
5356
8274
172
7708
100
5252
4051
7271
2612
6973
954
5693
6006
8925
6155
7484
543
2198
6573
1031
8619
1832
3435
6684
2076
4071
5769
1682
5244
2337
1593
4624
4393
8591
2934
2538
6756
3062
7844
5480
4808
6503
3217
3972
2375
3613
2654
7151
8201
8795
6497
1634
2932
2824
8011
4541
1992
5640
92
496
5239
5192
7772
503
3682
7916
8707
6186
5378
320
8168
918
8759
7226
4980
4510
609
2687
7074
5709
7922
6772
1940
4405
5220
5270
1749
396
696
2723
292
4101
6899
4472
3034
1741
2126
5770
2174
4749
1748
553
2271
5619
1612
443
8739
5286
5712
4576
4072
4133
5064
2793
1870
3995
4497
6387
3567
2772
1947
2792
7473
6021
4213
3348
7531
7212
3945
2021
1405
6160
5947
5278
4768
7366
8449
2004
2282
2679
941
8534
8202
1301
3600
5586
5078
6606
3905
55
4849
2420
8681
7015
4789
6830
819
4707
2773
6529
1802
4452
6707
2889
3104
5984
4860
5553
4024
7660
6683
7205
2460
8506
4512
4544
7165
7725
8685
3746
1061
482
7541
8170
2519
4827
8661
5450
1499
1735
2722
7363
6992
6033
7974
7124
6628
5800
7972
4379
3182
8312
1493
5428
6869
7117
6124
6873
5839
391
2821
4445
1685
1296
7313
5341
6267
8686
8541
5277
4917
333
8120
7130
4551
7211
2554
6089
5076
3846
1505
7913
3891
195
6045
1197
8279
4916
175
2452
2001
1501
4931
5514
909
2305
5228
618
8035
3356
4976
4354
4178
6716
8760
3827
327
1793
816
5154
6248
2664
4201
2293
2410
7311
1210
7643
143
6487
7921
2393
995
1755
8257
262
7813
3452
4387
5713
5168
104
3326
7340
3082
6234
834
2756
3652
5219
1995
7106
4068
550
4132
4596
3906
3661
4336
4869
8987
3378
2775
4578
6811
228
2092
6817
672
6482
6838
522
2909
8570
7033
7964
3013
1485
3907
6552
3571
7274
4277
6151
2531
4736
7739
2407
8812
3535
8050
358
8910
2689
7676
7290
8507
6619
6133
6809
1236
6808
720
204
3021
6163
6722
687
183
3059
2798
1881
2233
3765
199
4118
3874
1844
1842
2923
4628
7850
2140
8646
2609
2253
4032
3656
7055
3665
7272
3225
2248
4909
3842
6993
2803
7044
7216
169
73
7998
2640
782
7752
2892
3808
6541
2415
7904
451
1706
3989
2517
7790
5608
4380
3541
6298
7867
8995
8809
4125
3380
1417
7446
7753
1954
6729
7558
7519
4944
8394
7092
2183
4282
1345
8717
8228
8774
7572
2980
8070
4456
1787
5668
3558
5802
6344
1430
7260
6843
5448
4970
2192
1040
455
8735
6754
26
1439
2310
1562
4002
3121
1474
6841
1303
5813
3095
8721
3979
4179
1949
4921
7156
5518
317
2841
7283
2323
5115
578
268
7196
621
8366
6432
5313
250
8407
4910
6146
4424
8948
7255
4254
7429
2902
1893
3190
1443
6245
5272
4017
4188
6653
6091
6633
3721
6382
8206
2751
3229
3389
7575
2786
3777
3216
8401
6734
1568
8295
2363
2542
3453
5333
3536
3014
1806
3317
852
2883
8311
7367
1009
6025
8232
1909
6474
1116
4818
7513
5348
5495
2691
3847
6693
7342
7206
8710
5684
4074
284
1313
8016
1836
4275
7359
2580
5737
3407
567
2350
6644
6991
422
7227
1060
2815
6335
4030
6078
6243
8961
4956
6251
5230
1245
3815
302
6518
281
4143
670
3358
130
3194
5511
8965
5863
1251
7467
3499
2705
7385
7437
8373
5893
3417
1750
6746
8469
5400
4459
2758
5281
171
328
6024
741
1136
7583
5516
2009
5902
1018
8691
8122
711
3812
7540
4500
6708
8834
5847
2291
4682
7000
6613
5897
3710
5035
6328
2049
8237
5483
4761
6244
6768
1372
8916
8912
2456
708
2959
4063
7459
6710
2877
6318
3510
660
6681
2006
141
4582
8236
5478
7464
2249
6779
1698
7634
6106
5068
7792
7511
5232
7826
6261
1839
3010
2667
6727
1336
3256
8951
256
7189
7080
1594
3069
6782
1432
3494
131
1969
960
1465
6165
6117
5850
7853
1389
7582
8966
1531
7278
8184
4003
196
8552
3123
2324
4264
2206
4037
2328
4773
7155
7497
7171
2496
4772
6083
832
6250
6235
4968
3786
7871
23
5321
187
2882
1848
1664
4152
8302
8802
5832
2446
6632
8687
8015
4664
8393
7963
5943
2096
1252
5458
700
3477
3755
5181
6111
668
1355
2616
8768
964
8282
8191
600
8199
3948
4629
4644
1886
8864
8155
5865
1401
5993
8624
4027
2423
8675
4996
8757
1616
7679
8956
8533
5199
7788
681
4715
4243
7036
8421
1216
4226
8728
2099
6535
2742
4641
8838
2426
2234
7858
8476
4057
6698
362
7762
6172
5260
2470
1582
6671
4579
487
6932
729
703
8113
2627
1911
6988
4026
5266
2578
2281
3106
1180
4577
1956
717
6795
4788
5592
8836
8372
3817
1231
2697
2102
7129
629
8173
6743
3512
5944
469
5958
8986
1828
5328
601
5156
5258
2169
2608
1589
5635
2104
1877
902
1276
3533
1351
8216
2141
4677
4083
3086
7530
5209
6131
5695
1098
2613
2002
11
7184
6638
5848
1177
6857
6070
304
6593
2488
6080
7617
5037
5752
8323
5856
6402
2227
716
33
5665
7095
4559
8045
3859
4643
182
4193
3312
1200
592
4515
223
8382
6166
1403
2352
3529
2449
3456
1504
1861
241
3302
842
8736
2513
3012
5954
607
1052
8332
900
1209
4635
7554
2506
3428
1739
4895
5437
2620
1732
2629
1961
4903
76
7147
67
8040
6894
6895
6549
1762
1968
7539
552
8420
6287
1228
3544
980
686
194
3584
4529
322
1293
4805
6915
1005
7812
6753
5055
2255
8030
4307
5617
6621
3390
2740
2037
2540
6384
8213
7401
3957
464
2171
4987
2251
7457
4290
6407
6571
7873
148
4212
586
4433
1198
4600
1966
3686
3630
2458
5306
5013
6742
5664
4408
1743
2774
5354
839
7058
1566
363
6626
4986
309
1708
4888
4313
7186
1186
551
5036
7104
2666
8161
7373
6076
3683
826
5894
4857
7285
3952
4838
4876
8607
2915
1542
1284
5369
2150
3127
3478
1700
6270
517
2881
2701
3142
7562
6400
3233
3032
145
479
2957
1067
3916
6672
6191
4417
903
8743
8060
4993
1817
3718
6159
2737
7072
6470
4283
4395
1933
8655
8474
6505
6378
3681
7480
3795
2057
570
6597
1511
1058
8299
4397
929
4049
2967
1548
3750
4053
8538
2228
8563
3743
5627
1475
3105
2586
1460
163
7138
476
5479
369
5814
7487
5238
3065
5056
2851
4868
8850
4250
5263
4050
8032
6775
4886
7370
3131
548
654
8192
3935
6499
7894
2606
351
6570
1477
8375
2615
8403
3530
7301
8730
6043
2970
4471
2238
3374
4652
7431
475
8240
1363
4094
966
3793
4430
377
7667
8195
8679
7808
4345
5678
6540
4141
7763
5757
6686
4390
6210
5634
5088
6513
6435
298
1918
7761
8974
3796
7902
4288
7445
3164
1621
3206
8897
3365
5399
4974
6773
6149
5303
1597
8886
2503
2132
2672
5291
4962
1692
1361
16
6357
2746
1972
4195
608
8058
6350
1364
8631
4691
8454
6909
2887
1084
724
1794
4236
8640
7880
5748
4716
5523
1555
155
7411
8719
3690
4817
8593
4615
7876
4205
8524
6949
7815
4137
2155
5854
3913
5677
6971
1164
4950
7046
8933
5087
2594
2731
4293
1921
5660
8851
5131
65
972
2360
8337
8022
4930
1461
6715
3286
2752
368
2125
3580
7090
3596
1322
5609
434
8500
146
8450
781
5288
7870
6556
211
2961
3754
6295
1422
4556
4241
8830
5343
1588
7751
8761
7266
3893
2789
4861
651
7233
8579
6925
7296
2176
4263
478
7485
7532
4255
4604
8669
4215
7208
2409
5775
6385
8633
6254
820
7766
3578
1320
8442
4402
6692
8400
5995
2338
3813
156
307
4016
5338
4760
2949
905
6416
8551
2287
3240
6824
6980
5612
6825
5045
3439
3548
5887
8976
4492
6845
7564
7821
360
7368
5933
7281
2147
1707
6853
640
7474
4007
4832
2040
2651
5824
2842
2392
5722
1804
7556
5544
1747
5561
2056
5689
2170
7188
6789
7615
6780
5414
6797
7257
2402
8746
1850
3901
5043
6167
7571
2911
4114
7996
2058
4281
8471
7265
4502
8512
4180
345
1675
5124
8233
7677
2835
6471
8414
4537
1469
24
7701
5919
8970
4451
3353
5711
3031
5615
5004
1646
2031
6332
5452
8093
7030
8909
6294
1452
4714
2152
7006
947
2634
6969
5174
2639
8555
4234
8996
5257
8569
2588
2674
2601
6785
1491
4157
5173
319
5672
4312
7354
8511
7628
3460
4484
7652
7013
3966
2544
8902
5095
4487
2266
5889
757
5521
399
227
4835
4961
6326
4105
4820
5451
7977
1325
448
3589
7521
8283
3259
335
5977
2245
3074
5246
515
2334
2631
3055
1234
6670
8732
7424
2442
7535
6880
2582
3266
4928
656
2726
7094
5177
2853
8878
5234
6311
7796
2870
164
3791
7955
3526
3521
3341
2546
7585
594
3486
3275
665
2259
3737
7017
5498
8814
1600
3170
27
657
8567
1716
8034
5309
5233
6558
619
6075
4613
116
4203
7538
804
4666
473
881
5926
4946
8358
5692
1788
5899
6005
8763
420
3804
6938
6598
6701
3437
5959
8556
2502
6887
1551
2862
1756
8642
722
7328
6985
5434
7934
8102
644
4358
5442
5256
5708
2382
160
6285
4009
9000
5391
3833
7672
5446
