cB
8.98e-05
0.0001888
0.0002876
0.0003936
0.0004962
0.0006093
0.0007174
0.0008133
0.0010105
0.0010376
SsB
0.0010237
0.0040896
0.0091904
0.0163241
0.0255436
0.0369517
0.05021
0.0661609
0.0830481
0.102226
SbB
7.89e-05
0.0001745
0.000272
0.000382
0.0004875
0.0006181
0.0007119
0.0008309
0.0009428
0.0010669
cTR
0.0002153
0.0004298
0.0006987
0.0009953
0.0011592
0.0014495
0.0016809
0.0019597
0.0022555
0.0025439
STR
7.71e-05
0.0001718
0.0002952
0.0003989
0.0005178
0.0006338
0.0008755
0.000932
0.0010805
0.0012222
LC
0.0001429
0.0002983
0.0004293
0.0006301
0.0006924
0.0008168
0.0009676
0.0010883
0.0012552
0.0013587
SL
0.0017218
0.0077101
0.0177063
0.0319538
0.0510579
0.0779366
0.105778
0.143622
0.184521
0.231906
cTB
0.0001622
0.0003414
0.0005436
0.0007756
0.0009089
0.0012362
0.0012726
0.0014302
0.0016921
0.0018352
STB
7.13e-05
0.0001596
0.0002604
0.0003594
0.0004765
0.0006272
0.0007496
0.0011608
0.0010115
0.0011646
